0.0
0.0
0.0
0.0
0.0
0.0
0.0
22.41
51.49
68.68
560.32
545.23
460.43
308.48
87.71
0.0
0.0
0.0
0.0
0.0
0.0
0.0
0.0
0.0
0.0
0.0
0.0
0.0
0.0
0.0
0.0
18.75
60.71
58.72
32.6
109.66
56.42
49.35
83.17
0.0
0.0
0.0
0.0
0.0
0.0
0.0
0.0
0.0
0.0
0.0
0.0
0.0
0.0
0.0
0.0
22.65
51.94
69.29
567.81
551.33
465.58
317.11
96.65
0.0
0.0
0.0
0.0
0.0
0.0
0.0
0.0
0.0
0.0
0.0
0.0
0.0
0.0
0.0
0.0
22.94
38.74
70.27
96.12
68.6
65.71
51.82
101.42
0.0
0.0
0.0
0.0
0.0
0.0
0.0
0.0
0.0
0.0
0.0
0.0
0.0
0.0
0.0
0.0
23.22
51.3
82.36
537.02
562.53
482.06
330.81
107.81
0.0
0.0
0.0
0.0
0.0
0.0
0.0
0.0
0.0
0.0
0.0
0.0
0.0
0.0
0.0
0.0
22.38
53.29
84.64
576.43
476.9
485.4
338.32
117.48
0.0
0.0
0.0
0.0
0.0
0.0
0.0
0.0
0.0
0.0
0.0
0.0
0.0
0.0
0.0
0.0
23.95
67.92
71.33
469.1
136.23
73.98
11.06
1.0
0.0
0.0
0.0
0.0
0.0
0.0
0.0
0.0
0.0
0.0
0.0
0.0
0.0
0.0
0.0
0.0
23.57
51.62
84.39
131.93
361.07
424.35
196.13
89.23
0.0
0.0
0.0
0.0
0.0
0.0
0.0
0.0
0.0
0.0
0.0
0.0
0.0
0.0
0.0
0.0
0.0
15.76
2.38
33.23
8.09
49.72
4.26
14.43
0.0
0.0
0.0
0.0
0.0
0.0
0.0
0.0
0.0
0.0
0.0
0.0
0.0
0.0
0.0
0.0
24.03
53.41
38.22
53.57
2.85
42.56
52.94
14.27
0.0
0.0
0.0
0.0
0.0
0.0
0.0
0.0
0.0
0.0
0.0
0.0
0.0
0.0
0.0
0.0
0.28
0.18
2.62
12.43
2.79
1.7
0.18
14.99
0.0
0.0
0.0
0.0
0.0
0.0
0.0
0.0
0.0
0.0
0.0
0.0
0.0
0.0
0.0
0.0
25.38
62.97
72.66
598.92
556.27
510.92
361.28
147.03
0.0
0.0
0.0
0.0
0.0
0.0
0.0
0.0
0.0
0.0
0.0
0.0
0.0
0.0
0.0
0.0
26.15
56.25
73.99
614.28
605.25
524.3
373.96
157.1
0.0
0.0
0.0
0.0
0.0
0.0
0.0
0.0
0.0
0.0
0.0
0.0
0.0
0.0
0.0
0.0
27.82
73.17
105.78
140.22
244.94
64.28
159.88
5.06
0.0
0.0
0.0
0.0
0.0
0.0
0.0
0.0
0.0
0.0
0.0
0.0
0.0
0.0
0.0
0.0
27.24
57.45
555.74
621.2
614.71
536.67
387.76
171.22
0.0
0.0
0.0
0.0
0.0
0.0
0.0
0.0
0.0
0.0
0.0
0.0
0.0
0.0
0.0
0.0
28.26
58.79
580.07
653.74
646.77
565.12
407.82
185.06
0.0
0.0
0.0
0.0
0.0
0.0
0.0
0.0
0.0
0.0
0.0
0.0
0.0
0.0
0.0
0.0
28.76
59.29
581.77
536.77
519.55
58.68
117.94
0.0
0.0
0.0
0.0
0.0
0.0
0.0
0.0
0.0
0.0
0.0
0.0
0.0
0.0
0.0
0.0
0.0
30.83
62.04
606.36
674.75
673.51
597.26
436.35
211.42
0.0
0.0
0.0
0.0
0.0
0.0
0.0
0.0
0.0
0.0
0.0
0.0
0.0
0.0
0.0
0.0
30.67
81.33
272.8
637.15
628.29
550.13
405.29
33.63
0.0
0.0
0.0
0.0
0.0
0.0
0.0
0.0
0.0
0.0
0.0
0.0
0.0
0.0
0.0
0.0
30.76
61.19
567.69
629.75
621.96
545.19
403.21
192.35
0.0
0.0
0.0
0.0
0.0
0.0
0.0
0.0
0.0
0.0
0.0
0.0
0.0
0.0
0.0
0.0
31.69
62.08
585.82
650.57
640.75
561.9
423.91
211.47
0.0
0.0
0.0
0.0
0.0
0.0
0.0
0.0
0.0
0.0
0.0
0.0
0.0
0.0
0.0
0.0
31.66
61.76
570.68
633.85
631.06
559.16
413.64
203.72
0.0
0.0
0.0
0.0
0.0
0.0
0.0
0.0
0.0
0.0
0.0
0.0
0.0
0.0
0.0
0.0
31.52
61.16
557.51
633.45
629.33
555.97
413.31
205.36
0.0
0.0
0.0
0.0
0.0
0.0
0.0
0.0
0.0
0.0
0.0
0.0
0.0
0.0
0.0
0.0
33.03
83.85
572.96
624.51
585.87
484.03
356.88
206.36
0.0
0.0
0.0
0.0
0.0
0.0
0.0
0.0
0.0
0.0
0.0
0.0
0.0
0.0
0.0
0.0
32.48
61.45
537.98
596.15
589.37
517.33
385.76
190.02
0.0
0.0
0.0
0.0
0.0
0.0
0.0
0.0
0.0
0.0
0.0
0.0
0.0
0.0
0.0
0.0
33.27
70.98
545.25
466.28
116.63
165.12
159.5
198.78
0.0
0.0
0.0
0.0
0.0
0.0
0.0
0.0
0.0
0.0
0.0
0.0
0.0
0.0
0.0
0.0
34.14
71.84
305.73
114.98
143.94
196.17
216.99
144.67
0.0
0.0
0.0
0.0
0.0
0.0
0.0
0.0
0.0
0.0
0.0
0.0
0.0
0.0
0.0
0.0
26.88
76.32
301.82
618.06
613.31
543.78
310.23
118.87
0.0
0.0
0.0
0.0
0.0
0.0
0.0
0.0
0.0
0.0
0.0
0.0
0.0
0.0
0.0
0.0
35.68
64.23
561.19
625.7
619.61
549.21
420.82
225.32
0.51
0.0
0.0
0.0
0.0
0.0
0.0
0.0
0.0
0.0
0.0
0.0
0.0
0.0
0.0
0.0
15.99
23.63
82.73
134.4
551.59
541.36
434.16
231.6
1.12
0.0
0.0
0.0
0.0
0.0
0.0
0.0
0.0
0.0
0.0
0.0
0.0
0.0
0.0
0.36
35.77
84.8
561.48
620.05
457.98
291.12
411.22
66.62
1.62
0.0
0.0
0.0
0.0
0.0
0.0
0.0
0.0
0.0
0.0
0.0
0.0
0.0
0.0
0.0
40.1
72.22
527.05
610.97
603.96
527.9
66.67
22.09
0.01
0.0
0.0
0.0
0.0
0.0
0.0
0.0
0.0
0.0
0.0
0.0
0.0
0.0
0.0
0.54
36.68
34.63
192.37
502.24
607.72
138.71
396.77
148.66
2.43
0.0
0.0
0.0
0.0
0.0
0.0
0.0
0.0
0.0
0.0
0.0
0.0
0.0
0.0
0.0
0.0
8.12
38.19
16.41
5.38
8.01
1.89
1.16
0.0
0.0
0.0
0.0
0.0
0.0
0.0
0.0
0.0
0.0
0.0
0.0
0.0
0.0
0.0
2.67
41.37
68.61
634.82
694.82
689.8
616.09
467.52
267.2
5.27
0.0
0.0
0.0
0.0
0.0
0.0
0.0
0.0
0.0
0.0
0.0
0.0
0.0
0.0
3.2
41.3
474.31
583.11
646.45
637.88
584.41
452.18
207.34
6.07
0.0
0.0
0.0
0.0
0.0
0.0
0.0
0.0
0.0
0.0
0.0
0.0
0.0
0.0
4.08
42.28
472.27
603.04
665.24
665.29
570.92
468.15
225.87
5.0
0.0
0.0
0.0
0.0
0.0
0.0
0.0
0.0
0.0
0.0
0.0
0.0
0.0
0.0
0.0
0.0
46.23
4.49
71.7
87.58
112.42
2.33
132.17
4.95
0.0
0.0
0.0
0.0
0.0
0.0
0.0
0.0
0.0
0.0
0.0
0.0
0.0
0.0
4.33
43.09
24.01
43.8
84.91
81.61
93.39
51.08
35.9
8.1
0.0
0.0
0.0
0.0
0.0
0.0
0.0
0.0
0.0
0.0
0.0
0.0
0.0
0.0
0.0
11.3
82.9
135.46
83.24
80.93
55.05
73.76
0.14
10.01
0.0
0.0
0.0
0.0
0.0
0.0
0.0
0.0
0.0
0.0
0.0
0.0
0.0
0.0
7.69
37.18
108.91
392.76
343.97
267.48
167.12
196.36
228.14
11.92
0.0
0.0
0.0
0.0
0.0
0.0
0.0
0.0
0.0
0.0
0.0
0.0
0.0
0.0
9.55
323.24
524.91
654.33
709.85
710.02
644.0
512.03
262.69
13.13
0.0
0.0
0.0
0.0
0.0
0.0
0.0
0.0
0.0
0.0
0.0
0.0
0.0
0.0
8.54
68.31
481.44
641.14
712.99
718.59
654.39
130.63
41.72
14.12
0.0
0.0
0.0
0.0
0.0
0.0
0.0
0.0
0.0
0.0
0.0
0.0
0.0
0.0
11.31
315.54
512.34
558.48
248.13
259.17
101.84
89.44
309.03
14.88
0.0
0.0
0.0
0.0
0.0
0.0
0.0
0.0
0.0
0.0
0.0
0.0
0.0
0.0
6.81
17.41
104.8
84.34
88.33
93.38
59.09
48.27
0.51
16.06
0.0
0.0
0.0
0.0
0.0
0.0
0.0
0.0
0.0
0.0
0.0
0.0
0.0
0.0
13.55
320.69
521.2
656.97
705.75
209.2
103.67
72.2
41.12
17.49
0.0
0.0
0.0
0.0
0.0
0.0
0.0
0.0
0.0
0.0
0.0
0.0
0.0
0.0
11.93
0.43
416.45
646.66
204.53
70.63
305.0
68.78
18.92
18.36
0.0
0.0
0.0
0.0
0.0
0.0
0.0
0.0
0.0
0.0
0.0
0.0
0.0
0.0
0.0
0.52
71.89
125.46
135.77
99.42
81.72
115.86
47.23
13.14
0.0
0.0
0.0
0.0
0.0
0.0
0.0
0.0
0.0
0.0
0.0
0.0
0.0
0.0
17.63
292.71
500.36
627.78
709.81
712.77
651.29
522.94
333.34
105.14
0.0
0.0
0.0
0.0
0.0
0.0
0.0
0.0
0.0
0.0
0.0
0.0
0.0
0.0
18.71
120.68
342.22
655.39
269.86
556.14
657.09
466.6
292.66
107.31
0.0
0.0
0.0
0.0
0.0
0.0
0.0
0.0
0.0
0.0
0.0
0.0
0.0
0.0
20.54
355.34
398.38
672.61
715.67
607.12
587.79
488.97
238.39
95.46
0.0
0.0
0.0
0.0
0.0
0.0
0.0
0.0
0.0
0.0
0.0
0.0
0.0
0.0
20.45
327.09
514.1
637.4
690.68
682.53
531.09
498.8
318.88
102.83
0.0
0.0
0.0
0.0
0.0
0.0
0.0
0.0
0.0
0.0
0.0
0.0
0.0
0.0
21.24
70.52
146.74
654.18
704.8
701.78
141.52
503.94
93.99
0.0
0.0
0.0
0.0
0.0
0.0
0.0
0.0
0.0
0.0
0.0
0.0
0.0
0.0
0.0
22.76
5.36
71.82
44.81
120.39
88.77
150.02
92.56
82.72
23.66
0.0
0.0
0.0
0.0
0.0
0.0
0.0
0.0
0.0
0.0
0.0
0.0
0.0
0.0
25.88
383.61
579.44
708.59
754.07
743.19
670.72
542.11
296.7
126.09
0.0
0.0
0.0
0.0
0.0
0.0
0.0
0.0
0.0
0.0
0.0
0.0
0.0
0.0
27.14
69.65
253.1
100.28
250.55
438.42
625.8
376.86
351.36
119.24
0.0
0.0
0.0
0.0
0.0
0.0
0.0
0.0
0.0
0.0
0.0
0.0
0.0
0.0
28.23
378.54
565.84
677.51
748.08
751.79
690.25
559.41
368.68
127.34
0.0
0.0
0.0
0.0
0.0
0.0
0.0
0.0
0.0
0.0
0.0
0.0
0.0
0.0
0.0
95.27
203.93
51.82
174.15
280.11
89.94
64.11
18.19
57.45
0.0
0.0
0.0
0.0
0.0
0.0
0.0
0.0
0.0
0.0
0.0
0.0
0.0
0.0
0.0
24.26
35.85
59.69
85.62
129.84
58.69
26.66
5.0
0.0
0.0
0.0
0.0
0.0
0.0
0.0
0.0
0.0
0.0
0.0
0.0
0.0
0.0
0.0
0.0
1.66
46.64
133.73
341.05
332.66
306.54
98.87
92.61
12.02
0.0
0.0
0.0
0.0
0.0
0.0
0.0
0.0
0.0
0.0
0.0
0.0
0.0
0.0
162.99
401.47
593.22
722.81
781.19
772.71
700.23
566.33
376.94
150.87
0.0
0.0
0.0
0.0
0.0
0.0
0.0
0.0
0.0
0.0
0.0
0.0
0.0
0.0
143.67
372.88
562.07
686.51
745.18
703.73
356.9
423.33
105.7
19.53
0.0
0.0
0.0
0.0
0.0
0.0
0.0
0.0
0.0
0.0
0.0
0.0
0.0
0.0
47.31
18.87
24.03
80.47
135.03
146.66
147.19
161.87
137.62
35.45
0.0
0.0
0.0
0.0
0.0
0.0
0.0
0.0
0.0
0.0
0.0
0.0
0.0
0.0
193.2
436.75
616.34
668.92
784.01
740.38
583.91
262.4
165.38
29.19
0.0
0.0
0.0
0.0
0.0
0.0
0.0
0.0
0.0
0.0
0.0
0.0
0.0
0.0
0.0
2.42
64.89
121.11
66.62
566.41
36.1
29.46
16.02
2.89
0.0
0.0
0.0
0.0
0.0
0.0
0.0
0.0
0.0
0.0
0.0
0.0
0.0
0.0
0.0
27.79
138.88
214.32
346.25
337.67
224.43
325.47
295.97
146.62
0.0
0.0
0.0
0.0
0.0
0.0
0.0
0.0
0.0
0.0
0.0
0.0
0.0
0.0
41.75
201.53
258.65
488.66
327.04
262.39
189.61
260.52
159.43
124.72
0.0
0.0
0.0
0.0
0.0
0.0
0.0
0.0
0.0
0.0
0.0
0.0
0.0
0.0
2.17
440.61
596.71
635.59
410.77
327.13
289.33
152.04
72.05
10.04
0.0
0.0
0.0
0.0
0.0
0.0
0.0
0.0
0.0
0.0
0.0
0.0
0.0
1.61
176.97
98.61
225.15
316.44
254.47
205.09
243.72
339.79
64.54
56.04
0.92
0.0
0.0
0.0
0.0
0.0
0.0
0.0
0.0
0.0
0.0
0.0
0.0
2.63
212.32
443.69
621.2
734.51
782.47
771.48
701.39
583.12
402.97
180.66
1.57
0.0
0.0
0.0
0.0
0.0
0.0
0.0
0.0
0.0
0.0
0.0
0.0
2.14
81.0
314.7
573.79
740.69
759.07
398.74
494.06
467.12
198.82
54.2
1.85
0.0
0.0
0.0
0.0
0.0
0.0
0.0
0.0
0.0
0.0
0.0
0.0
4.76
211.59
434.39
610.31
727.46
777.8
768.06
158.75
116.51
135.64
69.61
2.93
0.0
0.0
0.0
0.0
0.0
0.0
0.0
0.0
0.0
0.0
0.0
0.0
6.21
222.63
449.14
627.57
746.06
794.71
564.39
224.6
350.87
203.66
106.29
3.28
0.0
0.0
0.0
0.0
0.0
0.0
0.0
0.0
0.0
0.0
0.0
0.0
7.73
232.46
457.97
630.34
740.16
788.73
780.9
714.66
592.89
413.26
191.97
4.95
0.0
0.0
0.0
0.0
0.0
0.0
0.0
0.0
0.0
0.0
0.0
0.0
7.51
77.82
124.54
197.01
283.86
343.22
538.51
166.31
150.49
92.77
17.43
5.39
0.0
0.0
0.0
0.0
0.0
0.0
0.0
0.0
0.0
0.0
0.0
0.0
6.83
241.14
260.09
590.7
770.61
822.74
813.36
732.76
308.09
113.08
199.48
4.45
0.0
0.0
0.0
0.0
0.0
0.0
0.0
0.0
0.0
0.0
0.0
0.0
11.84
241.86
460.54
628.2
735.66
787.37
782.05
717.63
591.11
411.79
193.52
7.44
0.0
0.0
0.0
0.0
0.0
0.0
0.0
0.0
0.0
0.0
0.0
0.0
13.84
259.64
484.96
651.57
752.64
796.96
783.88
714.49
593.63
417.67
200.16
8.5
0.0
0.0
0.0
0.0
0.0
0.0
0.0
0.0
0.0
0.0
0.0
0.0
15.09
259.68
479.94
643.08
740.46
783.63
771.83
704.79
585.12
412.07
197.68
9.32
0.0
0.0
0.0
0.0
0.0
0.0
0.0
0.0
0.0
0.0
0.0
0.0
16.31
256.82
472.69
632.02
729.55
780.71
776.85
714.36
589.78
397.42
173.03
10.08
0.0
0.0
0.0
0.0
0.0
0.0
0.0
0.0
0.0
0.0
0.0
0.0
17.51
256.7
474.2
636.25
736.27
784.85
774.3
708.34
587.85
413.79
199.86
11.07
0.0
0.0
0.0
0.0
0.0
0.0
0.0
0.0
0.0
0.0
0.0
0.0
18.98
264.7
485.04
654.64
764.24
805.56
790.34
718.03
595.03
418.26
202.25
12.13
0.0
0.0
0.0
0.0
0.0
0.0
0.0
0.0
0.0
0.0
0.0
0.0
53.22
270.75
414.66
644.18
785.16
846.01
833.59
758.19
625.27
436.21
210.65
13.39
0.0
0.0
0.0
0.0
0.0
0.0
0.0
0.0
0.0
0.0
0.0
0.0
58.83
282.27
506.06
678.69
790.44
837.57
821.73
746.09
612.94
429.66
209.36
14.18
0.0
0.0
0.0
0.0
0.0
0.0
0.0
0.0
0.0
0.0
0.0
0.0
9.56
61.77
238.0
546.48
375.73
509.41
635.98
547.7
596.37
300.92
112.41
1.01
0.0
0.0
0.0
0.0
0.0
0.0
0.0
0.0
0.0
0.0
0.0
0.0
61.85
257.82
249.58
656.01
761.4
805.31
790.93
718.9
599.19
420.98
207.59
15.97
0.0
0.0
0.0
0.0
0.0
0.0
0.0
0.0
0.0
0.0
0.0
0.0
69.29
275.05
301.7
466.48
761.17
800.76
753.73
670.1
581.12
414.52
203.38
16.31
0.0
0.0
0.0
0.0
0.0
0.0
0.0
0.0
0.0
0.0
0.0
0.0
7.7
59.64
181.2
415.99
592.13
542.5
329.35
461.91
342.91
178.13
101.51
17.7
0.0
0.0
0.0
0.0
0.0
0.0
0.0
0.0
0.0
0.0
0.0
0.0
49.85
289.1
497.13
653.99
753.14
799.73
759.05
550.59
592.48
412.02
137.54
19.11
0.0
0.0
0.0
0.0
0.0
0.0
0.0
0.0
0.0
0.0
0.0
0.0
5.76
28.83
66.55
32.04
80.88
178.65
181.46
191.2
187.13
153.28
104.91
19.15
0.0
0.0
0.0
0.0
0.0
0.0
0.0
0.0
0.0
0.0
0.0
0.0
14.34
72.52
221.67
515.12
554.08
796.49
754.58
125.66
134.54
224.44
107.06
6.48
0.0
0.0
0.0
0.0
0.0
0.0
0.0
0.0
0.0
0.0
0.0
0.0
39.86
210.36
455.43
545.71
450.04
762.99
755.34
686.59
511.79
208.5
89.7
20.13
0.0
0.0
0.0
0.0
0.0
0.0
0.0
0.0
0.0
0.0
0.0
0.0
12.13
44.92
169.17
382.48
419.51
354.28
276.54
440.61
571.43
253.19
50.92
13.33
0.0
0.0
0.0
0.0
0.0
0.0
0.0
0.0
0.0
0.0
0.0
0.0
84.92
167.45
415.45
438.93
550.72
696.74
775.54
706.3
585.52
403.9
140.05
30.3
0.0
0.0
0.0
0.0
0.0
0.0
0.0
0.0
0.0
0.0
0.0
0.0
35.09
292.22
500.33
659.17
763.98
808.02
795.97
725.23
585.02
418.25
209.42
35.19
0.0
0.0
0.0
0.0
0.0
0.0
0.0
0.0
0.0
0.0
0.0
0.0
54.19
282.39
373.08
574.4
754.95
802.32
788.18
493.54
490.83
276.26
196.6
35.84
0.0
0.0
0.0
0.0
0.0
0.0
0.0
0.0
0.0
0.0
0.0
0.0
26.07
155.44
286.41
364.4
513.11
763.65
758.49
589.26
352.15
156.48
116.18
19.93
0.0
0.0
0.0
0.0
0.0
0.0
0.0
0.0
0.0
0.0
0.0
0.0
80.59
246.08
408.55
636.54
739.95
94.89
455.98
700.08
37.84
13.17
64.72
29.73
0.0
0.0
0.0
0.0
0.0
0.0
0.0
0.0
0.0
0.0
0.0
0.94
31.2
60.57
179.2
91.78
98.01
117.17
151.4
149.73
114.41
87.07
56.48
14.18
0.0
0.0
0.0
0.0
0.0
0.0
0.0
0.0
0.0
0.0
0.0
0.0
0.0
23.86
88.71
187.02
251.69
473.16
290.25
228.07
229.89
367.47
199.99
17.54
0.0
0.0
0.0
0.0
0.0
0.0
0.0
0.0
0.0
0.0
0.0
2.46
108.09
324.84
525.78
675.94
770.11
799.12
775.01
699.65
579.9
422.35
211.06
41.8
0.0
0.0
0.0
0.0
0.0
0.0
0.0
0.0
0.0
0.0
0.0
3.52
85.76
121.43
525.55
676.28
772.67
811.97
797.7
727.58
601.25
428.41
220.36
42.19
0.0
0.0
0.0
0.0
0.0
0.0
0.0
0.0
0.0
0.0
0.0
4.57
112.66
327.1
522.7
671.59
767.05
802.77
785.63
715.02
555.14
424.62
211.85
33.16
0.0
0.0
0.0
0.0
0.0
0.0
0.0
0.0
0.0
0.0
0.0
5.64
70.67
99.63
520.48
671.87
768.02
813.06
789.8
725.34
599.42
425.97
212.17
34.97
0.0
0.0
0.0
0.0
0.0
0.0
0.0
0.0
0.0
0.0
0.0
4.86
26.58
67.8
524.4
686.5
783.21
560.49
659.97
727.9
596.16
429.03
222.75
44.5
0.0
0.0
0.0
0.0
0.0
0.0
0.0
0.0
0.0
0.0
0.0
7.87
94.91
302.57
317.21
635.69
774.48
665.96
292.68
481.96
217.41
401.59
220.32
45.9
0.0
0.0
0.0
0.0
0.0
0.0
0.0
0.0
0.0
0.0
0.0
8.98
113.46
179.62
526.39
313.27
579.49
823.21
162.84
200.62
168.28
317.16
46.45
39.09
0.0
0.0
0.0
0.0
0.0
0.0
0.0
0.0
0.0
0.0
0.0
10.05
106.73
38.34
124.16
221.9
174.99
89.52
164.06
36.92
75.48
6.99
35.49
3.75
0.0
0.0
0.0
0.0
0.0
0.0
0.0
0.0
0.0
0.0
0.0
9.45
21.53
85.8
122.13
509.15
482.02
763.77
763.83
320.53
587.09
424.67
37.76
0.0
0.0
0.0
0.0
0.0
0.0
0.0
0.0
0.0
0.0
0.0
0.0
11.98
130.31
313.87
545.36
695.12
788.82
829.55
806.86
730.05
609.18
436.89
229.58
48.46
0.0
0.0
0.0
0.0
0.0
0.0
0.0
0.0
0.0
0.0
0.0
14.37
135.1
352.94
545.39
685.53
768.04
793.09
774.35
705.99
588.05
424.57
224.99
48.55
0.0
0.0
0.0
0.0
0.0
0.0
0.0
0.0
0.0
0.0
0.0
15.16
49.87
191.57
332.92
660.85
764.43
800.45
784.43
712.86
591.86
419.38
194.69
52.43
0.08
0.0
0.0
0.0
0.0
0.0
0.0
0.0
0.0
0.0
0.0
15.94
131.61
338.55
512.42
650.02
687.38
760.23
744.86
681.08
570.49
412.99
136.16
27.54
0.0
0.0
0.0
0.0
0.0
0.0
0.0
0.0
0.0
0.0
0.0
13.97
8.23
25.07
26.15
111.69
102.99
102.49
198.31
208.49
180.4
111.54
59.81
2.35
0.0
0.0
0.0
0.0
0.0
0.0
0.0
0.0
0.0
0.0
0.0
12.67
127.74
111.04
351.74
731.42
837.1
868.36
473.18
783.38
648.92
339.26
238.52
60.0
1.68
0.0
0.0
0.0
0.0
0.0
0.0
0.0
0.0
0.0
0.0
20.89
151.85
378.33
499.84
736.32
474.02
416.89
406.45
640.27
401.37
459.3
244.03
54.14
2.39
0.0
0.0
0.0
0.0
0.0
0.0
0.0
0.0
0.0
0.0
22.25
147.62
364.2
560.08
713.02
587.75
705.06
474.98
364.16
362.51
124.55
238.36
58.07
2.86
0.0
0.0
0.0
0.0
0.0
0.0
0.0
0.0
0.0
0.0
0.49
1.81
51.26
58.49
42.99
79.47
115.73
317.87
558.42
398.95
449.93
240.26
54.9
3.75
0.0
0.0
0.0
0.0
0.0
0.0
0.0
0.0
0.0
0.0
14.6
49.97
85.11
103.15
169.34
240.94
676.2
656.04
717.2
595.09
445.17
238.19
54.92
4.03
0.0
0.0
0.0
0.0
0.0
0.0
0.0
0.0
0.0
0.0
16.16
151.13
205.52
406.32
690.29
779.83
817.57
802.32
730.92
524.35
439.69
235.18
54.62
4.87
0.0
0.0
0.0
0.0
0.0
0.0
0.0
0.0
0.0
0.0
25.29
153.14
364.25
549.71
691.1
782.04
818.0
803.28
540.78
508.3
172.03
32.47
56.69
0.0
0.0
0.0
0.0
0.0
0.0
0.0
0.0
0.0
0.0
0.0
12.35
1.61
33.27
59.56
118.46
139.34
177.72
177.31
159.28
155.41
223.57
158.95
53.65
6.4
0.0
0.0
0.0
0.0
0.0
0.0
0.0
0.0
0.0
0.0
16.43
25.47
121.4
194.54
403.71
650.7
476.97
578.95
401.95
327.42
181.67
90.77
63.81
1.65
0.0
0.0
0.0
0.0
0.0
0.0
0.0
0.0
0.0
0.0
29.09
156.68
369.34
554.06
691.85
776.08
449.14
232.52
715.84
553.84
357.36
230.53
57.14
7.87
0.0
0.0
0.0
0.0
0.0
0.0
0.0
0.0
0.0
0.0
29.17
159.91
376.63
570.29
714.09
802.94
831.87
807.17
729.83
607.82
439.79
237.61
67.95
4.5
0.0
0.0
0.0
0.0
0.0
0.0
0.0
0.0
0.0
0.0
30.17
161.63
375.04
551.43
684.39
764.51
660.68
544.95
661.16
190.25
260.58
101.36
17.98
9.27
0.0
0.0
0.0
0.0
0.0
0.0
0.0
0.0
0.0
0.0
30.57
158.08
362.21
538.87
667.2
744.78
776.66
709.37
600.57
505.7
324.48
186.49
48.73
0.0
0.0
0.0
0.0
0.0
0.0
0.0
0.0
0.0
0.0
0.0
31.29
158.64
361.12
537.41
667.0
747.01
777.62
762.78
388.61
203.18
250.11
63.69
0.0
10.25
0.0
0.0
0.0
0.0
0.0
0.0
0.0
0.0
0.0
0.0
31.98
159.6
362.06
539.95
674.6
760.72
792.8
776.38
708.84
589.67
428.29
225.67
64.87
11.34
0.0
0.0
0.0
0.0
0.0
0.0
0.0
0.0
0.0
0.0
5.35
69.05
100.98
255.88
418.31
519.48
321.18
216.91
213.76
113.16
97.61
47.08
66.72
12.07
0.0
0.0
0.0
0.0
0.0
0.0
0.0
0.0
0.0
0.0
16.69
120.78
36.62
195.29
185.13
138.24
61.65
349.61
279.42
196.5
190.37
179.95
30.88
12.75
0.0
0.0
0.0
0.0
0.0
0.0
0.0
0.0
0.0
0.0
21.2
34.68
71.75
101.14
116.71
101.05
89.45
96.44
135.78
40.8
78.33
69.39
29.39
0.97
0.0
0.0
0.0
0.0
0.0
0.0
0.0
0.0
0.0
0.0
0.0
2.27
65.46
46.16
115.17
81.93
164.05
194.31
236.68
168.36
178.72
112.38
73.96
14.3
0.0
0.0
0.0
0.0
0.0
0.0
0.0
0.0
0.0
0.0
25.03
29.86
81.44
213.49
173.85
139.04
197.32
194.12
178.16
152.21
240.63
215.64
64.38
15.15
0.0
0.0
0.0
0.0
0.0
0.0
0.0
0.0
0.0
0.0
35.35
104.05
358.06
538.47
666.73
454.5
225.11
115.14
81.37
40.52
48.12
104.13
20.59
1.27
0.0
0.0
0.0
0.0
0.0
0.0
0.0
0.0
0.0
0.0
36.95
168.21
375.95
555.45
695.21
779.62
807.53
786.21
715.3
599.38
437.66
242.17
64.35
15.4
0.0
0.0
0.0
0.0
0.0
0.0
0.0
0.0
0.0
0.24
37.75
169.54
375.42
553.99
685.73
678.35
595.3
643.24
534.23
264.49
320.02
104.76
34.94
0.0
0.0
0.0
0.0
0.0
0.0
0.0
0.0
0.0
0.0
0.65
38.76
171.83
378.57
556.41
607.88
762.35
688.14
779.42
714.7
597.31
438.09
243.54
65.45
18.15
0.0
0.0
0.0
0.0
0.0
0.0
0.0
0.0
0.0
0.96
44.13
90.69
288.41
529.92
679.24
766.76
795.86
783.19
712.65
591.62
198.98
234.68
75.14
17.13
0.0
0.0
0.0
0.0
0.0
0.0
0.0
0.0
0.0
1.74
8.46
2.73
52.39
161.66
204.17
128.98
84.52
155.82
125.89
81.44
68.92
58.92
29.9
14.06
0.0
0.0
0.0
0.0
0.0
0.0
0.0
0.0
0.0
1.73
39.39
168.96
373.4
551.0
569.27
754.96
776.23
755.76
684.74
575.89
423.27
236.82
65.56
19.58
0.0
0.0
0.0
0.0
0.0
0.0
0.0
0.0
0.0
2.06
38.91
163.28
351.44
518.76
642.58
723.12
753.99
737.03
673.69
564.22
413.92
231.58
64.76
19.07
0.0
0.0
0.0
0.0
0.0
0.0
0.0
0.0
0.0
2.41
32.74
163.04
355.8
525.71
653.76
734.98
770.81
756.1
691.14
579.22
423.48
235.97
65.98
21.27
0.0
0.0
0.0
0.0
0.0
0.0
0.0
0.0
0.0
2.88
41.4
163.75
36.24
252.52
163.18
209.03
116.26
256.4
57.42
42.49
16.7
55.12
48.3
5.21
0.0
0.0
0.0
0.0
0.0
0.0
0.0
0.0
0.0
3.45
34.06
170.06
372.69
462.83
680.41
738.56
794.84
770.85
641.68
336.99
342.69
239.28
67.89
23.03
0.0
0.0
0.0
0.0
0.0
0.0
0.0
0.0
0.0
3.85
34.01
167.77
362.27
530.82
653.7
728.79
761.16
746.87
684.92
571.46
420.51
237.21
67.63
22.0
0.0
0.0
0.0
0.0
0.0
0.0
0.0
0.0
0.0
4.06
33.93
164.29
306.43
515.17
637.29
709.18
718.14
704.6
670.94
560.09
278.17
172.04
82.52
15.97
0.0
0.0
0.0
0.0
0.0
0.0
0.0
0.0
0.0
4.33
34.03
161.26
331.23
500.05
613.43
716.58
749.0
730.19
671.82
497.01
407.34
229.67
67.3
22.34
0.0
0.0
0.0
0.0
0.0
0.0
0.0
0.0
0.0
4.83
34.0
158.94
342.26
506.71
630.44
710.33
748.03
733.87
671.93
562.05
412.73
232.78
67.98
24.03
0.0
0.0
0.0
0.0
0.0
0.0
0.0
0.0
0.0
4.98
47.26
119.86
7.61
13.02
84.33
401.75
278.44
78.29
32.36
87.43
78.96
60.8
64.65
24.41
0.0
0.0
0.0
0.0
0.0
0.0
0.0
0.0
0.0
0.0
26.31
43.14
97.04
138.49
171.44
22.96
143.93
85.01
105.31
108.92
62.58
32.24
26.82
23.45
0.0
0.0
0.0
0.0
0.0
0.0
0.0
0.0
0.0
0.0
34.96
120.52
256.71
330.85
504.39
591.97
605.31
519.21
265.63
80.19
147.52
162.12
8.91
0.0
0.0
0.0
0.0
0.0
0.0
0.0
0.0
0.0
0.0
3.28
29.19
163.7
353.18
517.41
637.49
573.53
707.6
723.19
292.75
175.19
222.3
14.87
49.88
12.62
0.0
0.0
0.0
0.0
0.0
0.0
0.0
0.0
0.0
0.0
10.14
109.92
302.65
275.6
423.82
551.13
665.89
741.04
276.72
450.49
285.33
187.98
50.69
0.0
0.0
0.0
0.0
0.0
0.0
0.0
0.0
0.0
0.0
4.92
7.17
38.01
154.05
406.2
519.15
458.56
567.11
509.07
351.17
288.96
10.73
20.55
1.43
10.42
0.0
0.0
0.0
0.0
0.0
0.0
0.0
0.0
0.0
0.0
4.4
115.56
264.61
504.08
495.75
634.59
324.75
269.14
199.19
16.16
46.35
167.3
87.13
28.78
0.0
0.0
0.0
0.0
0.0
0.0
0.0
0.0
0.0
0.0
42.11
117.78
194.89
367.75
425.71
379.72
606.69
642.36
188.86
447.95
10.77
224.2
74.31
7.43
0.0
0.0
0.0
0.0
0.0
0.0
0.0
0.0
0.0
7.03
45.94
109.31
204.65
415.41
226.6
450.38
178.29
216.08
529.44
425.77
416.33
182.48
25.58
28.96
0.0
0.0
0.0
0.0
0.0
0.0
0.0
0.0
0.0
7.28
43.03
159.26
342.7
502.52
620.0
692.38
724.27
712.12
655.19
551.83
406.28
5.42
86.45
28.44
0.0
0.0
0.0
0.0
0.0
0.0
0.0
0.0
0.0
7.23
49.44
106.72
335.13
495.71
455.56
560.65
558.8
269.42
486.99
117.79
71.86
36.33
18.74
0.0
0.0
0.0
0.0
0.0
0.0
0.0
0.0
0.0
0.0
4.19
32.41
133.45
200.98
234.41
384.01
502.56
704.46
405.92
21.08
58.02
66.75
50.09
44.9
29.21
0.0
0.0
0.0
0.0
0.0
0.0
0.0
0.0
0.0
7.69
52.15
161.51
352.51
517.75
634.78
541.65
731.72
719.48
663.28
564.05
422.81
246.48
76.61
30.64
0.0
0.0
0.0
0.0
0.0
0.0
0.0
0.0
0.0
5.22
25.68
146.07
206.09
72.53
74.71
54.57
66.79
266.04
529.11
383.52
164.09
68.99
62.75
0.0
0.0
0.0
0.0
0.0
0.0
0.0
0.0
0.0
0.0
7.89
19.84
137.69
211.43
406.32
601.21
534.55
377.43
677.13
635.97
437.92
311.83
163.44
34.39
30.75
0.0
0.0
0.0
0.0
0.0
0.0
0.0
0.0
0.0
7.98
43.7
159.51
343.46
510.52
628.56
211.68
693.39
728.08
402.98
566.41
116.27
103.27
52.55
14.02
0.0
0.0
0.0
0.0
0.0
0.0
0.0
0.0
0.0
5.46
52.66
117.27
225.62
256.92
355.82
460.37
510.61
421.01
655.89
44.81
100.63
127.01
88.3
5.73
0.0
0.0
0.0
0.0
0.0
0.0
0.0
0.0
0.0
7.95
44.06
160.51
349.49
513.1
640.76
721.82
763.79
610.15
203.64
424.93
431.11
149.75
56.25
8.16
0.0
0.0
0.0
0.0
0.0
0.0
0.0
0.0
0.0
0.0
40.02
108.3
284.29
515.4
433.36
738.46
197.07
392.43
612.21
443.81
424.59
145.01
84.31
32.19
0.0
0.0
0.0
0.0
0.0
0.0
0.0
0.0
0.0
7.85
50.88
159.38
234.23
519.98
596.03
727.24
765.03
753.71
671.57
301.2
439.18
256.76
81.71
33.49
0.0
0.0
0.0
0.0
0.0
0.0
0.0
0.0
0.0
8.04
44.07
157.46
342.58
507.56
630.39
712.91
745.96
307.98
135.85
121.67
427.41
251.33
81.9
30.79
0.0
0.0
0.0
0.0
0.0
0.0
0.0
0.0
0.0
6.06
5.23
44.2
121.71
331.79
645.55
625.91
262.81
457.08
132.8
126.43
90.42
114.82
53.99
19.44
0.0
0.0
0.0
0.0
0.0
0.0
0.0
0.0
0.0
7.15
52.92
155.81
346.97
513.67
475.64
664.7
754.37
737.03
673.58
446.16
412.04
246.13
81.66
34.39
0.21
0.0
0.0
0.0
0.0
0.0
0.0
0.0
0.0
3.25
10.37
151.29
324.77
385.6
547.33
596.71
728.02
715.21
660.38
533.98
324.35
242.87
93.23
1.84
0.0
0.0
0.0
0.0
0.0
0.0
0.0
0.0
0.0
5.77
47.48
148.54
326.77
484.9
599.93
669.77
700.2
688.34
634.53
538.97
405.48
240.2
79.53
29.64
0.0
0.0
0.0
0.0
0.0
0.0
0.0
0.0
0.0
6.97
41.61
147.92
325.75
482.89
596.63
666.35
698.06
687.14
634.78
535.68
404.81
240.19
78.88
29.25
0.0
0.0
0.0
0.0
0.0
0.0
0.0
0.0
0.0
6.63
41.0
145.14
320.9
473.12
584.13
650.27
682.78
278.44
114.7
365.77
399.26
239.53
79.35
2.28
0.0
0.0
0.0
0.0
0.0
0.0
0.0
0.0
0.0
6.41
40.52
143.53
319.74
476.66
599.17
680.03
715.71
369.0
458.78
404.46
119.66
55.77
1.73
0.0
0.0
0.0
0.0
0.0
0.0
0.0
0.0
0.0
0.0
6.3
40.67
145.07
186.95
38.29
449.14
668.39
576.1
707.18
652.5
167.05
349.28
245.08
82.52
33.03
0.88
0.0
0.0
0.0
0.0
0.0
0.0
0.0
0.0
2.48
41.33
147.67
334.7
507.14
635.4
716.38
753.34
736.58
673.57
570.96
428.17
253.72
84.46
31.02
0.0
0.0
0.0
0.0
0.0
0.0
0.0
0.0
0.0
6.22
41.51
149.31
336.74
498.69
619.29
692.65
727.15
720.3
668.28
564.79
425.2
252.46
83.53
30.41
0.0
0.0
0.0
0.0
0.0
0.0
0.0
0.0
0.0
5.66
46.7
144.26
325.72
440.94
615.11
697.28
733.2
721.78
664.42
561.93
420.97
248.71
82.77
30.0
0.0
0.0
0.0
0.0
0.0
0.0
0.0
0.0
0.0
5.69
47.3
132.69
319.98
481.02
605.52
687.02
725.02
319.67
657.75
553.37
15.84
64.03
58.31
11.16
0.0
0.0
0.0
0.0
0.0
0.0
0.0
0.0
0.0
4.96
37.81
139.95
319.47
480.04
602.13
681.34
721.26
714.98
662.83
418.07
137.7
179.51
80.62
30.58
0.0
0.0
0.0
0.0
0.0
0.0
0.0
0.0
0.0
4.59
37.21
138.37
268.1
217.03
540.07
44.04
102.86
610.21
653.7
554.31
383.27
231.59
32.49
18.87
0.0
0.0
0.0
0.0
0.0
0.0
0.0
0.0
0.0
4.36
39.51
140.02
326.46
496.94
627.42
712.25
745.5
732.59
673.88
361.14
280.72
5.89
86.67
25.25
0.0
0.0
0.0
0.0
0.0
0.0
0.0
0.0
0.0
4.1
22.68
107.86
250.48
175.02
211.89
522.99
653.32
721.56
666.45
564.15
423.47
251.28
82.87
28.67
0.0
0.0
0.0
0.0
0.0
0.0
0.0
0.0
0.0
3.76
19.4
103.78
252.79
437.52
596.87
678.28
714.38
708.76
653.97
157.54
14.67
15.26
1.68
0.0
0.0
0.0
0.0
0.0
0.0
0.0
0.0
0.0
0.0
3.52
37.01
140.34
329.72
496.4
619.27
693.13
726.42
713.96
625.65
559.35
422.46
250.11
86.29
31.15
0.0
0.0
0.0
0.0
0.0
0.0
0.0
0.0
0.0
3.28
36.56
139.34
328.44
497.33
625.54
707.26
741.25
727.54
669.94
562.59
420.17
215.6
90.48
28.17
0.0
0.0
0.0
0.0
0.0
0.0
0.0
0.0
0.0
2.73
41.28
112.66
184.18
321.58
453.12
650.04
728.37
720.4
662.24
69.98
389.67
244.95
8.13
10.76
0.0
0.0
0.0
0.0
0.0
0.0
0.0
0.0
0.0
2.39
35.16
133.74
316.17
479.08
602.81
680.88
713.5
701.8
646.61
533.3
399.96
243.15
80.63
26.87
0.0
0.0
0.0
0.0
0.0
0.0
0.0
0.0
0.0
2.04
34.13
129.98
306.78
466.62
591.95
675.89
717.95
710.41
657.03
554.64
415.51
244.01
84.23
2.86
0.0
0.0
0.0
0.0
0.0
0.0
0.0
0.0
0.0
0.0
33.82
111.51
297.44
463.17
587.57
672.86
712.54
706.13
560.5
379.05
216.86
241.71
79.34
28.2
0.0
0.0
0.0
0.0
0.0
0.0
0.0
0.0
0.0
2.78
0.0
127.71
6.55
11.64
43.45
270.03
716.34
709.32
655.57
101.17
108.22
190.6
89.38
4.52
0.0
0.0
0.0
0.0
0.0
0.0
0.0
0.0
0.0
1.11
34.2
74.2
231.82
317.13
489.98
46.21
27.22
23.06
53.78
16.12
227.91
251.96
54.74
26.6
0.0
0.0
0.0
0.0
0.0
0.0
0.0
0.0
0.0
1.2
8.92
16.8
274.96
508.02
646.65
613.57
768.57
408.97
696.3
491.83
345.15
265.72
86.1
29.68
0.0
0.0
0.0
0.0
0.0
0.0
0.0
0.0
0.0
0.37
34.47
137.53
335.07
513.45
654.75
610.5
648.29
775.19
617.33
561.55
260.38
267.14
85.88
26.92
0.0
0.0
0.0
0.0
0.0
0.0
0.0
0.0
0.0
0.44
34.71
140.08
342.65
521.59
658.55
744.4
781.54
769.35
707.38
598.65
447.49
263.69
85.1
26.38
0.0
0.0
0.0
0.0
0.0
0.0
0.0
0.0
0.0
0.05
38.23
132.5
322.73
492.59
621.66
703.3
741.56
731.64
673.99
569.04
424.6
250.16
81.16
24.84
0.0
0.0
0.0
0.0
0.0
0.0
0.0
0.0
0.0
0.0
31.94
128.9
313.85
478.41
599.75
673.58
709.43
702.01
649.93
550.77
389.29
245.25
79.79
25.59
0.0
0.0
0.0
0.0
0.0
0.0
0.0
0.0
0.0
0.0
31.42
128.1
312.89
477.69
598.72
671.39
705.8
697.54
646.32
548.36
413.98
246.06
79.74
23.75
0.0
0.0
0.0
0.0
0.0
0.0
0.0
0.0
0.0
0.0
30.57
121.66
306.92
470.52
592.71
670.2
704.3
696.38
644.75
549.13
414.12
245.34
78.83
23.12
0.0
0.0
0.0
0.0
0.0
0.0
0.0
0.0
0.0
0.0
33.72
60.01
78.24
88.0
150.83
194.02
219.43
401.41
603.54
506.01
328.2
243.32
1.23
16.22
0.0
0.0
0.0
0.0
0.0
0.0
0.0
0.0
0.0
0.0
0.0
114.22
296.88
266.33
583.05
665.87
689.58
71.39
331.4
97.54
125.79
240.14
18.34
0.0
0.0
0.0
0.0
0.0
0.0
0.0
0.0
0.0
0.0
0.0
30.88
12.89
7.19
13.31
18.49
52.17
21.71
88.71
200.88
184.87
219.38
241.8
78.39
21.94
0.0
0.0
0.0
0.0
0.0
0.0
0.0
0.0
0.0
0.0
28.68
123.28
248.61
464.33
587.26
537.83
616.78
507.17
354.0
302.19
36.39
155.59
81.32
22.33
0.0
0.0
0.0
0.0
0.0
0.0
0.0
0.0
0.0
0.0
31.25
105.86
263.94
468.19
592.07
668.7
703.53
621.62
648.75
149.07
9.66
16.68
51.85
1.31
0.0
0.0
0.0
0.0
0.0
0.0
0.0
0.0
0.0
0.0
29.34
119.84
303.53
335.71
599.32
680.34
718.04
707.2
290.67
14.19
9.8
42.86
76.24
10.67
0.0
0.0
0.0
0.0
0.0
0.0
0.0
0.0
0.0
0.0
11.05
62.5
160.83
453.77
581.74
656.7
567.2
90.16
158.16
461.37
46.9
10.07
1.04
1.97
0.0
0.0
0.0
0.0
0.0
0.0
0.0
0.0
0.0
0.0
7.76
29.95
178.64
416.09
506.36
553.31
704.15
604.2
519.35
503.92
302.61
244.03
80.49
19.21
0.0
0.0
0.0
0.0
0.0
0.0
0.0
0.0
0.0
0.0
25.78
119.37
302.78
470.13
598.6
682.27
721.82
715.55
658.97
348.71
410.69
241.58
74.51
18.41
0.0
0.0
0.0
0.0
0.0
0.0
0.0
0.0
0.0
0.0
24.95
117.2
298.82
464.41
594.73
681.26
719.15
711.56
655.07
549.74
408.81
237.22
77.0
17.2
0.0
0.0
0.0
0.0
0.0
0.0
0.0
0.0
0.0
0.0
25.36
1.41
5.43
45.51
117.57
19.06
21.22
97.37
168.59
118.58
95.06
46.21
80.09
17.16
0.0
0.0
0.0
0.0
0.0
0.0
0.0
0.0
0.0
0.0
0.0
79.58
115.15
479.71
615.35
701.33
744.73
616.51
548.97
564.88
214.8
245.09
14.52
17.05
0.0
0.0
0.0
0.0
0.0
0.0
0.0
0.0
0.0
0.0
24.11
32.73
101.36
233.42
329.36
465.97
724.62
704.14
504.56
303.93
415.95
135.62
78.59
15.01
0.0
0.0
0.0
0.0
0.0
0.0
0.0
0.0
0.0
0.0
22.5
114.63
296.31
464.76
595.37
681.99
721.58
714.14
659.46
554.78
410.84
235.79
69.99
14.86
0.0
0.0
0.0
0.0
0.0
0.0
0.0
0.0
0.0
0.0
21.71
110.51
246.03
423.16
593.89
683.94
725.39
716.1
659.65
344.56
392.77
235.82
70.05
14.38
0.0
0.0
0.0
0.0
0.0
0.0
0.0
0.0
0.0
0.0
7.25
7.07
5.04
14.56
117.05
158.96
121.97
46.21
87.94
80.27
107.88
4.33
0.66
8.91
0.0
0.0
0.0
0.0
0.0
0.0
0.0
0.0
0.0
0.0
21.61
119.51
316.64
498.81
410.56
724.74
760.49
624.27
627.2
572.48
423.13
241.28
64.49
10.6
0.0
0.0
0.0
0.0
0.0
0.0
0.0
0.0
0.0
0.0
20.69
117.78
312.65
492.12
627.3
712.04
743.41
727.96
665.62
561.82
416.74
238.22
68.48
12.4
0.0
0.0
0.0
0.0
0.0
0.0
0.0
0.0
0.0
0.0
20.0
116.47
307.57
478.9
604.04
679.25
708.2
697.13
642.09
543.59
404.99
231.91
66.25
11.34
0.0
0.0
0.0
0.0
0.0
0.0
0.0
0.0
0.0
0.0
8.14
45.54
277.33
456.45
360.14
55.18
188.78
428.36
636.26
506.33
158.96
44.88
38.89
0.0
0.0
0.0
0.0
0.0
0.0
0.0
0.0
0.0
0.0
0.0
2.96
46.38
153.89
289.21
227.05
399.84
787.95
777.47
714.51
598.75
431.81
245.01
67.71
8.29
0.0
0.0
0.0
0.0
0.0
0.0
0.0
0.0
0.0
0.0
17.4
120.0
322.83
511.15
654.34
746.73
702.56
760.37
693.99
582.79
431.02
244.06
66.7
9.47
0.0
0.0
0.0
0.0
0.0
0.0
0.0
0.0
0.0
0.0
17.28
67.96
224.29
453.93
509.4
396.97
632.37
728.77
673.07
415.83
268.25
196.75
66.64
6.71
0.0
0.0
0.0
0.0
0.0
0.0
0.0
0.0
0.0
0.0
16.48
112.8
303.36
478.75
610.15
693.15
728.59
717.03
659.16
552.05
406.3
227.89
61.25
7.19
0.0
0.0
0.0
0.0
0.0
0.0
0.0
0.0
0.0
0.0
15.62
111.28
300.61
474.09
602.9
683.39
721.35
712.48
656.85
549.36
403.16
224.39
58.73
5.13
0.0
0.0
0.0
0.0
0.0
0.0
0.0
0.0
0.0
0.0
13.24
107.44
293.03
383.49
551.9
664.09
709.15
702.09
651.15
12.69
7.64
39.45
14.7
0.0
0.0
0.0
0.0
0.0
0.0
0.0
0.0
0.0
0.0
0.0
14.0
108.96
298.26
471.81
599.69
677.42
720.96
714.08
659.82
549.92
402.48
185.52
52.44
4.46
0.0
0.0
0.0
0.0
0.0
0.0
0.0
0.0
0.0
0.0
11.74
60.03
199.59
473.99
605.62
586.12
718.6
232.85
73.19
75.46
177.76
103.09
55.36
3.63
0.0
0.0
0.0
0.0
0.0
0.0
0.0
0.0
0.0
0.0
12.52
107.38
296.81
474.67
605.41
664.77
730.8
723.25
667.34
436.72
394.82
143.07
47.36
3.35
0.0
0.0
0.0
0.0
0.0
0.0
0.0
0.0
0.0
0.0
11.8
51.85
297.51
468.3
338.63
319.93
731.9
646.65
661.2
366.04
329.69
53.19
0.0
2.57
0.0
0.0
0.0
0.0
0.0
0.0
0.0
0.0
0.0
0.0
9.65
52.88
175.53
459.49
594.23
683.86
408.11
658.11
148.3
107.8
53.69
8.47
0.0
0.0
0.0
0.0
0.0
0.0
0.0
0.0
0.0
0.0
0.0
0.0
10.22
58.9
102.99
106.21
178.96
314.45
248.02
721.15
658.61
260.91
10.74
94.2
32.66
0.0
0.0
0.0
0.0
0.0
0.0
0.0
0.0
0.0
0.0
0.0
10.21
111.39
313.19
497.51
639.2
729.43
760.92
744.15
676.95
564.34
406.74
217.24
49.37
0.15
0.0
0.0
0.0
0.0
0.0
0.0
0.0
0.0
0.0
0.0
9.09
106.79
303.15
483.11
616.89
698.19
728.54
712.31
648.17
538.73
388.04
206.15
46.73
0.0
0.0
0.0
0.0
0.0
0.0
0.0
0.0
0.0
0.0
0.0
8.33
105.74
299.85
473.19
598.1
670.13
701.96
689.9
632.51
529.21
383.96
204.4
44.86
0.0
0.0
0.0
0.0
0.0
0.0
0.0
0.0
0.0
0.0
0.0
7.4
58.82
186.81
467.41
596.25
675.58
710.21
697.31
637.53
529.82
381.78
201.11
42.95
0.0
0.0
0.0
0.0
0.0
0.0
0.0
0.0
0.0
0.0
0.0
6.72
44.78
204.1
423.71
593.66
668.71
701.24
689.23
631.16
523.93
377.18
197.81
41.11
0.0
0.0
0.0
0.0
0.0
0.0
0.0
0.0
0.0
0.0
0.0
5.84
99.28
286.55
459.86
587.65
666.55
702.0
690.94
631.79
523.47
373.91
193.78
39.96
0.0
0.0
0.0
0.0
0.0
0.0
0.0
0.0
0.0
0.0
0.0
5.23
99.99
289.97
462.86
590.71
668.54
705.71
691.97
631.19
520.58
371.98
191.97
11.58
0.0
0.0
0.0
0.0
0.0
0.0
0.0
0.0
0.0
0.0
0.0
0.0
6.66
284.81
456.4
581.8
655.99
689.41
573.61
608.64
120.88
180.92
42.57
5.15
0.0
0.0
0.0
0.0
0.0
0.0
0.0
0.0
0.0
0.0
0.0
0.0
5.57
68.98
145.37
176.89
414.13
704.0
526.81
324.48
344.47
368.49
176.65
24.08
0.0
0.0
0.0
0.0
0.0
0.0
0.0
0.0
0.0
0.0
0.0
2.42
98.09
289.87
460.93
602.95
687.79
723.42
707.99
643.51
528.45
373.18
188.39
33.81
0.0
0.0
0.0
0.0
0.0
0.0
0.0
0.0
0.0
0.0
0.0
1.9
88.88
287.72
462.25
586.6
650.71
705.76
687.32
627.09
510.98
309.21
173.78
0.0
0.0
0.0
0.0
0.0
0.0
0.0
0.0
0.0
0.0
0.0
0.0
1.94
94.78
284.42
460.9
593.07
675.13
711.45
696.17
632.89
519.1
365.2
181.12
30.78
0.0
0.0
0.0
0.0
0.0
0.0
0.0
0.0
0.0
0.0
0.0
1.66
77.18
271.94
416.96
573.61
672.86
707.1
691.2
627.89
518.16
354.94
167.76
28.77
0.0
0.0
0.0
0.0
0.0
0.0
0.0
0.0
0.0
0.0
0.0
1.95
24.1
118.94
457.43
583.36
536.52
707.59
532.75
152.26
316.17
50.12
58.22
0.0
0.0
0.0
0.0
0.0
0.0
0.0
0.0
0.0
0.0
0.0
0.0
0.0
69.63
90.92
468.31
621.76
590.24
154.85
737.07
668.18
548.55
379.34
182.15
27.04
0.0
0.0
0.0
0.0
0.0
0.0
0.0
0.0
0.0
0.0
0.0
0.06
96.03
297.46
484.55
629.97
460.47
289.06
672.37
665.8
434.88
360.65
175.47
24.96
0.0
0.0
0.0
0.0
0.0
0.0
0.0
0.0
0.0
0.0
0.0
0.0
93.35
288.8
467.05
598.19
677.26
711.43
699.65
128.4
508.77
358.52
128.51
19.45
0.0
0.0
0.0
0.0
0.0
0.0
0.0
0.0
0.0
0.0
0.0
0.0
91.61
286.61
464.82
592.99
667.48
699.01
685.64
623.16
510.25
352.79
110.16
15.13
0.0
0.0
0.0
0.0
0.0
0.0
0.0
0.0
0.0
0.0
0.0
0.0
88.86
283.22
463.82
598.45
679.95
708.32
607.28
227.93
486.7
330.77
98.33
7.72
0.0
0.0
0.0
0.0
0.0
0.0
0.0
0.0
0.0
0.0
0.0
0.0
86.97
265.1
447.13
574.02
624.63
552.67
254.47
382.67
116.26
76.32
144.22
12.51
0.0
0.0
0.0
0.0
0.0
0.0
0.0
0.0
0.0
0.0
0.0
0.0
85.47
243.99
456.24
590.4
673.2
599.61
256.27
11.99
76.65
3.95
6.83
11.08
0.0
0.0
0.0
0.0
0.0
0.0
0.0
0.0
0.0
0.0
0.0
0.0
84.68
276.36
454.49
588.13
671.59
702.16
682.62
613.91
496.78
233.75
0.0
0.0
0.0
0.0
0.0
0.0
0.0
0.0
0.0
0.0
0.0
0.0
0.0
0.0
84.42
278.62
456.6
586.3
663.41
615.57
674.02
607.41
496.31
245.06
133.25
9.98
0.0
0.0
0.0
0.0
0.0
0.0
0.0
0.0
0.0
0.0
0.0
0.0
84.82
282.69
463.59
595.11
672.29
702.52
685.6
617.75
499.38
336.2
145.76
7.67
0.0
0.0
0.0
0.0
0.0
0.0
0.0
0.0
0.0
0.0
0.0
0.0
31.18
111.97
446.0
161.94
188.31
172.82
113.04
40.49
7.65
147.98
58.88
3.19
0.0
0.0
0.0
0.0
0.0
0.0
0.0
0.0
0.0
0.0
0.0
0.0
25.78
91.25
165.42
219.89
298.83
153.91
156.06
161.94
92.56
45.2
54.32
5.63
0.0
0.0
0.0
0.0
0.0
0.0
0.0
0.0
0.0
0.0
0.0
0.0
0.0
35.55
117.08
518.18
183.88
90.2
385.78
231.5
480.89
337.1
46.41
4.87
0.0
0.0
0.0
0.0
0.0
0.0
0.0
0.0
0.0
0.0
0.0
0.0
1.31
34.46
218.36
166.08
193.49
310.46
236.39
168.14
149.3
127.45
45.67
3.62
0.0
0.0
0.0
0.0
0.0
0.0
0.0
0.0
0.0
0.0
0.0
0.0
70.75
205.72
459.48
600.08
710.57
747.21
277.78
611.85
506.03
229.37
83.26
3.24
0.0
0.0
0.0
0.0
0.0
0.0
0.0
0.0
0.0
0.0
0.0
0.0
71.26
279.12
262.46
615.18
703.37
730.44
703.66
625.05
500.56
253.95
130.43
2.54
0.0
0.0
0.0
0.0
0.0
0.0
0.0
0.0
0.0
0.0
0.0
0.0
27.24
277.51
439.18
607.82
667.56
720.71
699.63
626.24
500.42
311.21
103.71
1.24
0.0
0.0
0.0
0.0
0.0
0.0
0.0
0.0
0.0
0.0
0.0
0.0
27.79
226.94
240.69
607.31
688.72
722.17
701.99
628.89
502.63
327.93
126.48
0.79
0.0
0.0
0.0
0.0
0.0
0.0
0.0
0.0
0.0
0.0
0.0
0.0
27.52
255.74
465.55
600.53
677.37
704.63
683.07
606.93
432.47
276.38
76.48
0.38
0.0
0.0
0.0
0.0
0.0
0.0
0.0
0.0
0.0
0.0
0.0
0.0
69.46
269.99
445.55
602.25
691.62
725.93
701.59
623.65
496.1
318.95
117.86
0.0
0.0
0.0
0.0
0.0
0.0
0.0
0.0
0.0
0.0
0.0
0.0
0.0
70.83
278.12
468.15
604.53
683.69
711.47
688.57
612.91
480.92
307.08
110.69
0.0
0.0
0.0
0.0
0.0
0.0
0.0
0.0
0.0
0.0
0.0
0.0
0.0
67.94
274.99
467.62
605.04
682.55
708.04
683.4
607.23
481.4
307.57
108.52
0.0
0.0
0.0
0.0
0.0
0.0
0.0
0.0
0.0
0.0
0.0
0.0
0.0
62.47
120.56
208.53
593.67
674.38
702.89
677.49
600.43
473.81
299.51
56.23
0.0
0.0
0.0
0.0
0.0
0.0
0.0
0.0
0.0
0.0
0.0
0.0
0.0
63.38
268.74
461.74
601.14
674.9
706.14
678.27
598.73
472.21
297.8
100.26
0.0
0.0
0.0
0.0
0.0
0.0
0.0
0.0
0.0
0.0
0.0
0.0
0.0
58.34
261.0
450.47
587.14
656.81
700.26
679.06
601.75
468.6
290.18
93.21
0.0
0.0
0.0
0.0
0.0
0.0
0.0
0.0
0.0
0.0
0.0
0.0
0.0
58.55
37.08
153.38
543.28
683.48
714.67
691.92
611.94
459.05
290.96
91.19
0.0
0.0
0.0
0.0
0.0
0.0
0.0
0.0
0.0
0.0
0.0
0.0
0.0
50.76
178.79
87.2
488.23
419.41
659.41
406.66
475.66
407.47
127.24
21.13
0.0
0.0
0.0
0.0
0.0
0.0
0.0
0.0
0.0
0.0
0.0
0.0
0.0
0.0
38.9
148.28
61.77
130.77
311.02
79.51
103.59
55.2
53.97
5.28
0.0
0.0
0.0
0.0
0.0
0.0
0.0
0.0
0.0
0.0
0.0
0.0
0.0
16.26
267.68
464.38
618.95
715.65
745.05
672.49
622.99
477.6
287.04
82.17
0.0
0.0
0.0
0.0
0.0
0.0
0.0
0.0
0.0
0.0
0.0
0.0
0.0
15.02
257.42
459.58
611.79
705.37
726.72
698.6
610.91
465.04
274.61
73.35
0.0
0.0
0.0
0.0
0.0
0.0
0.0
0.0
0.0
0.0
0.0
0.0
0.0
14.33
261.96
469.52
621.46
712.35
736.12
709.53
623.9
480.17
286.3
76.06
0.0
0.0
0.0
0.0
0.0
0.0
0.0
0.0
0.0
0.0
0.0
0.0
0.0
13.25
254.89
245.72
607.52
700.32
727.51
697.17
608.69
463.53
272.15
68.36
0.0
0.0
0.0
0.0
0.0
0.0
0.0
0.0
0.0
0.0
0.0
0.0
0.0
12.1
246.35
445.9
592.61
679.56
547.6
675.9
589.42
421.05
263.74
62.74
0.0
0.0
0.0
0.0
0.0
0.0
0.0
0.0
0.0
0.0
0.0
0.0
0.0
0.0
5.05
49.83
93.98
172.18
200.69
350.19
588.23
326.75
111.29
3.46
0.0
0.0
0.0
0.0
0.0
0.0
0.0
0.0
0.0
0.0
0.0
0.0
0.0
4.06
155.3
275.92
338.55
123.48
193.99
151.67
254.15
171.81
93.65
10.43
0.0
0.0
0.0
0.0
0.0
0.0
0.0
0.0
0.0
0.0
0.0
0.0
0.0
7.26
203.54
174.36
583.04
685.71
718.96
602.73
195.8
156.24
227.13
16.18
0.0
0.0
0.0
0.0
0.0
0.0
0.0
0.0
0.0
0.0
0.0
0.0
0.0
8.44
162.82
452.11
606.0
698.34
729.65
277.12
247.13
222.8
0.56
14.77
0.0
0.0
0.0
0.0
0.0
0.0
0.0
0.0
0.0
0.0
0.0
0.0
0.0
7.69
249.41
460.23
613.31
701.33
724.87
688.9
595.15
448.28
252.67
13.5
0.0
0.0
0.0
0.0
0.0
0.0
0.0
0.0
0.0
0.0
0.0
0.0
0.0
4.25
121.41
287.41
336.8
367.37
136.32
111.61
52.76
39.82
17.41
1.86
0.0
0.0
0.0
0.0
0.0
0.0
0.0
0.0
0.0
0.0
0.0
0.0
0.0
0.0
0.0
30.44
52.52
81.48
76.57
18.62
65.47
31.36
0.2
5.65
0.0
0.0
0.0
0.0
0.0
0.0
0.0
0.0
0.0
0.0
0.0
0.0
0.0
4.11
0.0
34.05
116.65
240.88
443.48
397.23
397.78
268.61
135.92
7.45
0.0
0.0
0.0
0.0
0.0
0.0
0.0
0.0
0.0
0.0
0.0
0.0
0.0
2.68
126.33
267.03
355.7
436.15
494.19
480.89
402.94
280.55
139.47
5.58
0.0
0.0
0.0
0.0
0.0
0.0
0.0
0.0
0.0
0.0
0.0
0.0
0.0
2.11
129.79
260.92
360.41
436.37
516.81
484.83
416.62
43.07
6.13
0.0
0.0
0.0
0.0
0.0
0.0
0.0
0.0
0.0
0.0
0.0
0.0
0.0
0.0
2.55
36.48
197.88
151.68
383.28
660.21
629.26
541.29
375.13
207.93
4.56
0.0
0.0
0.0
0.0
0.0
0.0
0.0
0.0
0.0
0.0
0.0
0.0
0.0
0.0
8.56
37.14
68.78
131.64
221.92
111.28
62.31
32.59
45.5
0.0
0.0
0.0
0.0
0.0
0.0
0.0
0.0
0.0
0.0
0.0
0.0
0.0
0.0
0.91
20.83
139.15
567.48
661.67
700.91
669.58
576.32
420.36
214.83
3.67
0.0
0.0
0.0
0.0
0.0
0.0
0.0
0.0
0.0
0.0
0.0
0.0
0.0
0.28
211.59
420.41
570.07
654.89
675.87
644.07
533.44
116.94
73.65
2.44
0.0
0.0
0.0
0.0
0.0
0.0
0.0
0.0
0.0
0.0
0.0
0.0
0.0
0.0
98.72
97.98
331.39
397.56
395.04
363.33
237.95
146.97
163.07
1.69
0.0
0.0
0.0
0.0
0.0
0.0
0.0
0.0
0.0
0.0
0.0
0.0
0.0
0.0
53.27
118.75
120.94
288.28
77.12
239.36
4.63
17.16
14.0
1.58
0.0
0.0
0.0
0.0
0.0
0.0
0.0
0.0
0.0
0.0
0.0
0.0
0.0
0.0
15.43
34.76
63.83
81.35
175.56
191.57
85.06
54.96
0.0
0.0
0.0
0.0
0.0
0.0
0.0
0.0
0.0
0.0
0.0
0.0
0.0
0.0
0.0
0.0
0.0
127.76
144.65
50.1
50.06
47.83
26.62
1.55
1.24
0.0
0.0
0.0
0.0
0.0
0.0
0.0
0.0
0.0
0.0
0.0
0.0
0.0
0.0
0.0
34.67
108.43
83.58
101.62
197.57
272.3
293.85
35.08
0.0
0.0
0.0
0.0
0.0
0.0
0.0
0.0
0.0
0.0
0.0
0.0
0.0
0.0
0.0
0.0
32.02
383.27
539.43
633.4
661.79
628.19
532.8
381.91
176.85
0.0
0.0
0.0
0.0
0.0
0.0
0.0
0.0
0.0
0.0
0.0
0.0
0.0
0.0
0.0
31.84
383.07
536.75
625.99
652.72
617.32
521.9
370.88
61.81
0.0
0.0
0.0
0.0
0.0
0.0
0.0
0.0
0.0
0.0
0.0
0.0
0.0
0.0
0.0
31.68
366.55
519.58
608.38
636.22
599.72
503.5
354.24
155.17
0.0
0.0
0.0
0.0
0.0
0.0
0.0
0.0
0.0
0.0
0.0
0.0
0.0
0.0
0.0
29.38
373.02
526.33
614.41
637.95
601.86
506.59
356.8
156.32
0.0
0.0
0.0
0.0
0.0
0.0
0.0
0.0
0.0
0.0
0.0
0.0
0.0
0.0
0.0
28.23
361.55
510.26
591.18
621.01
591.87
502.04
350.23
149.11
0.0
0.0
0.0
0.0
0.0
0.0
0.0
0.0
0.0
0.0
0.0
0.0
0.0
0.0
0.0
28.18
359.01
510.99
597.52
623.69
591.78
498.53
344.28
142.31
0.0
0.0
0.0
0.0
0.0
0.0
0.0
0.0
0.0
0.0
0.0
0.0
0.0
0.0
0.0
0.0
70.14
198.18
466.41
214.79
301.23
156.82
77.82
49.67
0.0
0.0
0.0
0.0
0.0
0.0
0.0
0.0
0.0
0.0
0.0
0.0
0.0
0.0
0.0
25.66
59.4
531.04
631.63
669.75
634.7
534.05
366.41
71.23
0.0
0.0
0.0
0.0
0.0
0.0
0.0
0.0
0.0
0.0
0.0
0.0
0.0
0.0
0.0
10.52
30.99
73.35
258.73
164.72
167.49
108.83
75.06
22.45
0.0
0.0
0.0
0.0
0.0
0.0
0.0
0.0
0.0
0.0
0.0
0.0
0.0
0.0
0.0
5.11
1.23
26.4
49.55
68.71
94.99
87.11
18.79
0.31
0.0
0.0
0.0
0.0
0.0
0.0
0.0
0.0
0.0
0.0
0.0
0.0
0.0
0.0
0.0
5.71
0.33
2.7
9.2
10.98
4.62
0.0
0.69
0.0
0.0
0.0
0.0
0.0
0.0
0.0
0.0
0.0
0.0
0.0
0.0
0.0
0.0
0.0
0.0
22.1
64.86
522.76
620.79
648.76
609.87
507.75
350.43
134.29
0.0
0.0
0.0
0.0
0.0
0.0
0.0
0.0
0.0
0.0
0.0
0.0
0.0
0.0
0.0
16.64
37.39
39.55
170.83
478.82
314.9
38.82
52.44
14.39
0.0
0.0
0.0
0.0
0.0
0.0
0.0
0.0
0.0
0.0
0.0
0.0
0.0
0.0
0.0
20.37
55.52
257.76
457.4
413.95
236.74
116.46
146.37
47.82
0.0
0.0
0.0
0.0
0.0
0.0
0.0
0.0
0.0
0.0
0.0
0.0
0.0
0.0
0.0
19.0
28.49
425.23
601.38
636.33
602.25
502.74
335.28
118.91
0.0
0.0
0.0
0.0
0.0
0.0
0.0
0.0
0.0
0.0
0.0
0.0
0.0
0.0
0.0
0.0
1.96
2.43
72.68
50.57
60.67
117.94
33.68
15.74
0.0
0.0
0.0
0.0
0.0
0.0
0.0
0.0
0.0
0.0
0.0
0.0
0.0
0.0
0.0
16.6
61.61
506.53
609.94
645.22
606.92
501.61
339.8
117.88
0.0
0.0
0.0
0.0
0.0
0.0
0.0
0.0
0.0
0.0
0.0
0.0
0.0
0.0
0.0
11.29
51.23
282.98
553.88
614.65
582.71
485.01
33.58
9.91
0.0
0.0
0.0
0.0
0.0
0.0
0.0
0.0
0.0
0.0
0.0
0.0
0.0
0.0
0.0
14.11
49.84
73.13
580.14
614.96
583.51
486.8
324.58
105.77
0.0
0.0
0.0
0.0
0.0
0.0
0.0
0.0
0.0
0.0
0.0
0.0
0.0
0.0
0.0
13.66
49.73
72.99
585.62
566.66
570.73
471.61
304.16
90.77
0.0
0.0
0.0
0.0
0.0
0.0
0.0
0.0
0.0
0.0
0.0
0.0
0.0
0.0
0.0
0.0
52.72
70.06
507.69
269.91
144.7
358.45
229.43
41.65
0.0
0.0
0.0
0.0
0.0
0.0
0.0
0.0
0.0
0.0
0.0
0.0
0.0
0.0
0.0
5.04
51.99
93.91
245.21
393.92
556.3
298.55
243.3
93.05
0.0
0.0
0.0
0.0
0.0
0.0
0.0
0.0
0.0
0.0
0.0
0.0
0.0
0.0
0.0
9.78
0.0
8.94
67.73
138.83
104.21
133.21
72.13
0.52
0.0
0.0
0.0
0.0
0.0
0.0
0.0
0.0
0.0
0.0
0.0
0.0
0.0
0.0
0.0
8.43
22.93
67.3
48.88
135.11
82.0
77.36
12.33
73.67
0.0
0.0
0.0
0.0
0.0
0.0
0.0
0.0
0.0
0.0
0.0
0.0
0.0
0.0
0.0
6.71
40.73
10.04
174.55
96.4
108.16
107.9
70.97
11.21
0.0
0.0
0.0
0.0
0.0
0.0
0.0
0.0
0.0
0.0
0.0
0.0
0.0
0.0
0.0
5.34
34.87
81.36
188.99
206.0
105.33
257.57
42.58
3.65
0.0
0.0
0.0
0.0
0.0
0.0
0.0
0.0
0.0
0.0
0.0
0.0
0.0
0.0
0.0
5.31
11.01
45.19
379.35
128.58
95.36
66.28
23.31
6.49
0.0
0.0
0.0
0.0
0.0
0.0
0.0
0.0
0.0
0.0
0.0
0.0
0.0
0.0
0.0
0.0
25.99
49.39
33.78
48.17
53.25
35.36
13.41
0.0
0.0
0.0
0.0
0.0
0.0
0.0
0.0
0.0
0.0
0.0
0.0
0.0
0.0
0.0
0.0
4.02
36.69
64.21
72.73
259.45
338.17
18.62
48.88
10.15
0.0
0.0
0.0
0.0
0.0
0.0
0.0
0.0
0.0
0.0
0.0
0.0
0.0
0.0
0.0
0.0
22.94
54.84
41.92
46.81
70.87
23.41
11.79
4.32
0.0
0.0
0.0
0.0
0.0
0.0
0.0
0.0
0.0
0.0
0.0
0.0
0.0
0.0
0.0
0.0
18.69
29.5
91.29
48.32
55.39
156.91
203.5
9.05
0.0
0.0
0.0
0.0
0.0
0.0
0.0
0.0
0.0
0.0
0.0
0.0
0.0
0.0
0.0
0.0
39.67
75.36
518.82
562.47
528.28
373.06
214.78
8.83
0.0
0.0
0.0
0.0
0.0
0.0
0.0
0.0
0.0
0.0
0.0
0.0
0.0
0.0
0.0
2.03
37.49
63.23
564.72
606.15
575.69
473.71
306.3
9.51
0.0
0.0
0.0
0.0
0.0
0.0
0.0
0.0
0.0
0.0
0.0
0.0
0.0
0.0
0.0
1.73
37.99
64.18
565.46
597.48
565.21
464.66
296.36
9.12
0.0
0.0
0.0
0.0
0.0
0.0
0.0
0.0
0.0
0.0
0.0
0.0
0.0
0.0
0.0
1.09
37.05
63.26
560.39
593.21
559.46
457.15
287.76
8.49
0.0
0.0
0.0
0.0
0.0
0.0
0.0
0.0
0.0
0.0
0.0
0.0
0.0
0.0
0.0
0.0
34.58
59.89
541.38
576.31
508.43
387.78
219.1
7.77
0.0
0.0
0.0
0.0
0.0
0.0
0.0
0.0
0.0
0.0
0.0
0.0
0.0
0.0
0.0
0.0
36.92
59.92
563.72
603.36
570.5
467.02
294.11
7.94
0.0
0.0
0.0
0.0
0.0
0.0
0.0
0.0
0.0
0.0
0.0
0.0
0.0
0.0
0.0
0.0
34.04
72.53
468.47
575.37
274.84
296.72
165.5
7.09
0.0
0.0
0.0
0.0
0.0
0.0
0.0
0.0
0.0
0.0
0.0
0.0
0.0
0.0
0.0
0.0
29.32
73.04
486.03
533.52
510.02
448.37
279.12
7.3
0.0
0.0
0.0
0.0
0.0
0.0
0.0
0.0
0.0
0.0
0.0
0.0
0.0
0.0
0.0
0.0
32.0
57.94
72.38
576.81
549.89
453.51
287.73
7.28
0.0
0.0
0.0
0.0
0.0
0.0
0.0
0.0
0.0
0.0
0.0
0.0
0.0
0.0
0.0
0.0
31.81
58.14
72.86
589.13
557.88
457.3
287.85
7.06
0.0
0.0
0.0
0.0
0.0
0.0
0.0
0.0
0.0
0.0
0.0
0.0
0.0
0.0
0.0
0.0
31.12
57.49
72.19
573.69
545.19
448.6
282.25
6.92
0.0
0.0
0.0
0.0
0.0
0.0
0.0
0.0
0.0
0.0
0.0
0.0
0.0
0.0
0.0
0.0
29.94
56.31
71.09
555.98
526.78
430.02
267.03
6.51
0.0
0.0
0.0
0.0
0.0
0.0
0.0
0.0
0.0
0.0
0.0
0.0
0.0
0.0
0.0
0.0
30.04
56.84
71.82
546.98
468.28
321.27
26.5
4.5
0.0
0.0
0.0
0.0
0.0
0.0
0.0
0.0
0.0
0.0
0.0
0.0
0.0
0.0
0.0
0.0
28.51
55.04
69.99
546.65
518.99
423.71
263.24
6.36
0.0
0.0
0.0
0.0
0.0
0.0
0.0
0.0
0.0
0.0
0.0
0.0
0.0
0.0
0.0
0.0
28.17
62.79
78.77
574.94
263.29
255.49
49.94
4.28
0.0
0.0
0.0
0.0
0.0
0.0
0.0
0.0
0.0
0.0
0.0
0.0
0.0
0.0
0.0
0.0
27.49
54.47
69.86
574.1
547.57
449.6
285.42
6.71
0.0
0.0
0.0
0.0
0.0
0.0
0.0
0.0
0.0
0.0
0.0
0.0
0.0
0.0
0.0
0.0
27.64
54.91
70.25
561.48
538.27
444.99
273.12
6.58
0.0
0.0
0.0
0.0
0.0
0.0
0.0
0.0
0.0
0.0
0.0
0.0
0.0
0.0
0.0
0.0
27.77
53.54
69.04
546.45
521.0
427.18
271.25
6.62
0.0
0.0
0.0
0.0
0.0
0.0
0.0
0.0
0.0
0.0
0.0
0.0
0.0
0.0
0.0
0.0
26.34
53.73
69.31
557.79
535.98
444.54
285.8
6.96
0.0
0.0
0.0
0.0
0.0
0.0
0.0
0.0
0.0
0.0
0.0
0.0
0.0
0.0
0.0
0.0
26.03
53.64
69.44
565.59
545.98
455.24
290.53
7.19
0.0
0.0
0.0
0.0
0.0
0.0
0.0
0.0
0.0
0.0
0.0
0.0
0.0
0.0
0.0
0.0
26.05
54.12
70.13
571.83
547.02
453.53
294.1
7.38
0.0
0.0
0.0
0.0
0.0
0.0
0.0
0.0
0.0
0.0
0.0
0.0
0.0
0.0
0.0
0.0
24.55
53.53
69.63
562.46
537.94
444.93
280.16
7.13
0.0
0.0
0.0
0.0
0.0
0.0
0.0
0.0
0.0
0.0
0.0
0.0
0.0
0.0
0.0
0.0
11.97
64.46
94.95
529.55
504.99
204.23
239.29
7.72
0.0
0.0
0.0
0.0
0.0
0.0
0.0
0.0
0.0
0.0
0.0
0.0
0.0
0.0
0.0
0.0
8.32
25.06
81.2
152.4
269.16
270.32
39.23
6.93
0.0
0.0
0.0
0.0
0.0
0.0
0.0
0.0
0.0
0.0
0.0
0.0
0.0
0.0
0.0
0.0
23.42
51.14
67.27
543.51
522.1
433.53
281.53
7.88
0.0
0.0
0.0
0.0
0.0
0.0
0.0
0.0
0.0
0.0
0.0
0.0
0.0
0.0
0.0
0.0
24.04
52.49
68.9
562.47
539.52
448.62
292.58
8.36
0.0
0.0
0.0
0.0
0.0
0.0
0.0
0.0
0.0
0.0
0.0
0.0
0.0
0.0
0.0
0.0
23.24
51.48
67.82
550.98
527.73
436.29
283.46
8.45
0.0
0.0
0.0
0.0
0.0
0.0
0.0
0.0
0.0
0.0
0.0
0.0
0.0
0.0
0.0
0.0
24.79
59.35
96.23
189.07
100.66
99.95
294.59
9.01
0.0
0.0
0.0
0.0
0.0
0.0
0.0
0.0
0.0
0.0
0.0
0.0
0.0
0.0
0.0
0.0
22.14
50.28
66.78
539.95
480.67
373.58
224.63
7.39
0.0
0.0
0.0
0.0
0.0
0.0
0.0
0.0
0.0
0.0
0.0
0.0
0.0
0.0
0.0
0.0
22.3
50.51
66.99
537.83
518.75
432.07
224.44
9.35
0.0
0.0
0.0
0.0
0.0
0.0
0.0
0.0
0.0
0.0
0.0
0.0
0.0
0.0
0.0
0.0
22.63
51.28
68.06
576.19
559.72
470.91
315.17
10.49
0.0
0.0
0.0
0.0
0.0
0.0
0.0
0.0
0.0
0.0
0.0
0.0
0.0
0.0
0.0
0.0
22.9
51.94
69.05
587.4
569.93
479.38
319.72
11.03
0.0
0.0
0.0
0.0
0.0
0.0
0.0
0.0
0.0
0.0
0.0
0.0
0.0
0.0
0.0
0.0
22.87
52.02
69.15
581.68
564.7
477.56
320.11
11.67
0.0
0.0
0.0
0.0
0.0
0.0
0.0
0.0
0.0
0.0
0.0
0.0
0.0
0.0
0.0
0.0
22.97
52.22
69.39
566.11
549.99
464.95
308.69
11.84
0.0
0.0
0.0
0.0
0.0
0.0
0.0
0.0
0.0
0.0
0.0
0.0
0.0
0.0
0.0
0.0
22.87
52.16
69.3
572.08
554.66
468.5
318.91
12.54
0.0
0.0
0.0
0.0
0.0
0.0
0.0
0.0
0.0
