0.0
0.0
0.0
0.0
0.0
0.0
0.0
0.0
155.43
350.78
444.58
442.0
354.84
167.57
0.0
0.0
0.0
0.0
0.0
0.0
0.0
0.0
0.0
0.0
0.0
0.0
0.0
0.0
0.0
0.0
0.0
0.0
20.82
23.53
42.62
10.78
16.06
12.56
0.0
0.0
0.0
0.0
0.0
0.0
0.0
0.0
0.0
0.0
0.0
0.0
0.0
0.0
0.0
0.0
0.0
0.0
205.3
422.67
517.4
517.66
423.76
214.84
0.0
0.0
0.0
0.0
0.0
0.0
0.0
0.0
0.0
0.0
0.0
0.0
0.0
0.0
0.0
0.0
0.0
0.0
208.48
425.11
516.21
516.82
424.47
215.51
0.0
0.0
0.0
0.0
0.0
0.0
0.0
0.0
0.0
0.0
0.0
0.0
0.0
0.0
0.0
0.0
0.0
0.0
193.69
103.27
498.6
499.74
409.9
216.98
0.0
0.0
0.0
0.0
0.0
0.0
0.0
0.0
0.0
0.0
0.0
0.0
0.0
0.0
0.0
0.0
0.0
0.0
206.97
420.06
510.81
201.03
23.56
63.92
0.0
0.0
0.0
0.0
0.0
0.0
0.0
0.0
0.0
0.0
0.0
0.0
0.0
0.0
0.0
0.0
0.0
0.0
37.03
417.84
95.43
26.81
17.2
304.4
0.0
0.0
0.0
0.0
0.0
0.0
0.0
0.0
0.0
0.0
0.0
0.0
0.0
0.0
0.0
0.0
0.0
0.0
24.91
72.35
74.66
26.27
61.67
26.33
0.0
0.0
0.0
0.0
0.0
0.0
0.0
0.0
0.0
0.0
0.0
0.0
0.0
0.0
0.0
0.0
0.0
0.0
11.45
25.87
19.41
0.0
200.38
104.29
0.0
0.0
0.0
0.0
0.0
0.0
0.0
0.0
0.0
0.0
0.0
0.0
0.0
0.0
0.0
0.0
0.0
0.0
14.4
17.18
0.0
19.18
25.21
53.88
0.0
0.0
0.0
0.0
0.0
0.0
0.0
0.0
0.0
0.0
0.0
0.0
0.0
0.0
0.0
0.0
0.0
0.0
297.71
315.81
107.32
69.8
3.93
283.9
0.0
0.0
0.0
0.0
0.0
0.0
0.0
0.0
0.0
0.0
0.0
0.0
0.0
0.0
0.0
0.0
0.0
0.0
0.0
25.23
33.15
61.27
70.89
87.22
0.0
0.0
0.0
0.0
0.0
0.0
0.0
0.0
0.0
0.0
0.0
0.0
0.0
0.0
0.0
0.0
0.0
0.0
31.95
171.29
116.89
51.14
266.9
191.78
0.0
0.0
0.0
0.0
0.0
0.0
0.0
0.0
0.0
0.0
0.0
0.0
0.0
0.0
0.0
0.0
0.0
0.0
227.42
16.57
225.77
292.59
305.3
44.64
0.0
0.0
0.0
0.0
0.0
0.0
0.0
0.0
0.0
0.0
0.0
0.0
0.0
0.0
0.0
0.0
0.0
0.0
0.0
60.03
32.18
35.13
281.4
71.44
0.0
0.0
0.0
0.0
0.0
0.0
0.0
0.0
0.0
0.0
0.0
0.0
0.0
0.0
0.0
0.0
0.0
0.0
43.86
136.78
548.91
558.26
482.09
290.72
0.51
0.0
0.0
0.0
0.0
0.0
0.0
0.0
0.0
0.0
0.0
0.0
0.0
0.0
0.0
0.0
0.0
0.0
273.14
469.05
554.01
557.59
479.89
324.88
1.29
0.0
0.0
0.0
0.0
0.0
0.0
0.0
0.0
0.0
0.0
0.0
0.0
0.0
0.0
0.0
0.0
0.0
39.42
37.19
189.41
122.44
83.6
0.0
0.0
0.0
0.0
0.0
0.0
0.0
0.0
0.0
0.0
0.0
0.0
0.0
0.0
0.0
0.0
0.0
0.0
0.0
275.3
461.72
554.93
563.28
489.59
331.92
2.72
0.0
0.0
0.0
0.0
0.0
0.0
0.0
0.0
0.0
0.0
0.0
0.0
0.0
0.0
0.0
0.0
0.0
290.05
474.41
565.69
573.04
499.53
341.79
3.63
0.0
0.0
0.0
0.0
0.0
0.0
0.0
0.0
0.0
0.0
0.0
0.0
0.0
0.0
0.0
0.0
0.0
296.86
481.13
563.81
568.17
493.48
337.45
76.17
0.0
0.0
0.0
0.0
0.0
0.0
0.0
0.0
0.0
0.0
0.0
0.0
0.0
0.0
0.0
0.0
0.0
7.07
0.0
24.22
42.62
498.01
143.1
16.17
0.0
0.0
0.0
0.0
0.0
0.0
0.0
0.0
0.0
0.0
0.0
0.0
0.0
0.0
0.0
0.0
0.0
46.32
56.77
32.04
34.69
27.83
19.13
0.0
0.0
0.0
0.0
0.0
0.0
0.0
0.0
0.0
0.0
0.0
0.0
0.0
0.0
0.0
0.0
0.0
0.0
264.47
70.48
37.13
56.92
47.72
34.29
22.42
0.0
0.0
0.0
0.0
0.0
0.0
0.0
0.0
0.0
0.0
0.0
0.0
0.0
0.0
0.0
0.0
0.0
11.92
9.52
27.63
8.04
102.92
92.81
64.78
0.0
0.0
0.0
0.0
0.0
0.0
0.0
0.0
0.0
0.0
0.0
0.0
0.0
0.0
0.0
0.0
0.9
287.45
460.72
109.79
203.82
119.01
31.23
49.92
0.0
0.0
0.0
0.0
0.0
0.0
0.0
0.0
0.0
0.0
0.0
0.0
0.0
0.0
0.0
0.0
0.0
23.76
37.15
171.36
30.43
357.39
23.83
4.81
0.0
0.0
0.0
0.0
0.0
0.0
0.0
0.0
0.0
0.0
0.0
0.0
0.0
0.0
0.0
0.0
2.4
320.14
497.25
588.62
599.04
197.06
128.87
238.92
0.0
0.0
0.0
0.0
0.0
0.0
0.0
0.0
0.0
0.0
0.0
0.0
0.0
0.0
0.0
0.0
0.0
9.23
0.16
0.85
30.28
70.91
19.94
232.21
0.0
0.0
0.0
0.0
0.0
0.0
0.0
0.0
0.0
0.0
0.0
0.0
0.0
0.0
0.0
0.0
35.7
36.04
221.68
79.61
197.48
256.16
245.99
56.71
0.0
0.0
0.0
0.0
0.0
0.0
0.0
0.0
0.0
0.0
0.0
0.0
0.0
0.0
0.0
0.0
10.77
172.28
515.02
62.11
16.2
224.96
7.66
3.14
0.0
0.0
0.0
0.0
0.0
0.0
0.0
0.0
0.0
0.0
0.0
0.0
0.0
0.0
0.0
0.0
0.0
16.83
44.23
5.52
37.25
0.72
36.87
21.19
0.0
0.0
0.0
0.0
0.0
0.0
0.0
0.0
0.0
0.0
0.0
0.0
0.0
0.0
0.0
0.0
12.55
31.84
18.26
36.41
46.82
38.63
39.29
12.35
0.0
0.0
0.0
0.0
0.0
0.0
0.0
0.0
0.0
0.0
0.0
0.0
0.0
0.0
0.0
0.0
103.96
372.47
543.86
630.43
642.74
21.26
135.49
212.39
0.0
0.0
0.0
0.0
0.0
0.0
0.0
0.0
0.0
0.0
0.0
0.0
0.0
0.0
0.0
0.0
117.92
387.38
559.19
644.44
542.65
414.6
447.8
225.87
0.0
0.0
0.0
0.0
0.0
0.0
0.0
0.0
0.0
0.0
0.0
0.0
0.0
0.0
0.0
0.0
0.57
40.47
81.26
68.38
45.65
19.9
55.07
16.62
0.0
0.0
0.0
0.0
0.0
0.0
0.0
0.0
0.0
0.0
0.0
0.0
0.0
0.0
0.0
0.0
23.76
16.44
8.06
75.01
4.0
21.12
33.9
8.38
0.0
0.0
0.0
0.0
0.0
0.0
0.0
0.0
0.0
0.0
0.0
0.0
0.0
0.0
0.0
0.0
4.47
16.01
34.54
56.35
1.95
48.75
72.42
54.99
0.0
0.0
0.0
0.0
0.0
0.0
0.0
0.0
0.0
0.0
0.0
0.0
0.0
0.0
0.0
0.0
25.28
8.68
22.13
94.58
2.43
280.39
90.91
77.86
0.0
0.0
0.0
0.0
0.0
0.0
0.0
0.0
0.0
0.0
0.0
0.0
0.0
0.0
0.0
0.0
116.76
394.42
230.73
294.13
213.23
155.11
157.97
13.88
0.0
0.0
0.0
0.0
0.0
0.0
0.0
0.0
0.0
0.0
0.0
0.0
0.0
0.0
0.0
0.0
167.82
237.07
127.32
125.93
364.89
582.99
457.22
129.24
0.0
0.0
0.0
0.0
0.0
0.0
0.0
0.0
0.0
0.0
0.0
0.0
0.0
0.0
0.0
0.0
52.91
113.05
133.59
206.08
377.76
608.99
479.68
87.39
0.0
0.0
0.0
0.0
0.0
0.0
0.0
0.0
0.0
0.0
0.0
0.0
0.0
0.0
0.0
0.0
214.1
250.63
288.53
693.99
595.32
311.01
511.53
304.5
1.47
0.0
0.0
0.0
0.0
0.0
0.0
0.0
0.0
0.0
0.0
0.0
0.0
0.0
0.0
0.0
225.42
456.87
608.35
686.51
696.26
638.24
514.35
314.52
2.56
0.0
0.0
0.0
0.0
0.0
0.0
0.0
0.0
0.0
0.0
0.0
0.0
0.0
0.0
0.0
231.83
471.31
634.14
663.37
729.55
464.54
530.24
320.77
78.48
0.0
0.0
0.0
0.0
0.0
0.0
0.0
0.0
0.0
0.0
0.0
0.0
0.0
0.0
0.0
74.1
296.36
152.47
364.81
687.88
418.31
530.33
325.45
53.29
0.0
0.0
0.0
0.0
0.0
0.0
0.0
0.0
0.0
0.0
0.0
0.0
0.0
0.0
0.0
249.06
478.65
632.22
710.15
685.51
660.13
526.29
324.87
57.97
0.0
0.0
0.0
0.0
0.0
0.0
0.0
0.0
0.0
0.0
0.0
0.0
0.0
0.0
0.0
89.11
410.25
604.96
713.55
764.78
698.46
557.64
348.78
73.15
0.0
0.0
0.0
0.0
0.0
0.0
0.0
0.0
0.0
0.0
0.0
0.0
0.0
0.0
0.0
251.08
61.13
83.43
104.28
74.29
69.6
44.01
121.55
2.84
0.0
0.0
0.0
0.0
0.0
0.0
0.0
0.0
0.0
0.0
0.0
0.0
0.0
0.0
0.0
192.6
125.21
109.67
76.76
165.76
244.74
242.28
337.93
79.78
0.0
0.0
0.0
0.0
0.0
0.0
0.0
0.0
0.0
0.0
0.0
0.0
0.0
0.0
0.0
0.0
78.39
629.73
619.52
692.34
0.0
473.75
276.45
119.46
0.0
0.0
0.0
0.0
0.0
0.0
0.0
0.0
0.0
0.0
0.0
0.0
0.0
0.0
0.0
46.76
115.03
194.62
126.33
321.75
68.66
88.83
147.03
69.96
0.0
0.0
0.0
0.0
0.0
0.0
0.0
0.0
0.0
0.0
0.0
0.0
0.0
0.0
1.71
282.59
174.9
617.91
731.57
741.21
468.28
549.09
31.09
30.04
0.0
0.0
0.0
0.0
0.0
0.0
0.0
0.0
0.0
0.0
0.0
0.0
0.0
0.0
2.81
288.06
505.69
417.76
738.71
747.22
685.05
109.07
360.33
88.49
0.0
0.0
0.0
0.0
0.0
0.0
0.0
0.0
0.0
0.0
0.0
0.0
0.0
0.0
40.52
307.87
527.88
680.46
693.77
722.37
672.28
524.62
379.21
123.78
0.0
0.0
0.0
0.0
0.0
0.0
0.0
0.0
0.0
0.0
0.0
0.0
0.0
0.0
44.92
309.78
521.6
486.78
202.27
371.54
694.19
274.92
378.92
129.78
0.0
0.0
0.0
0.0
0.0
0.0
0.0
0.0
0.0
0.0
0.0
0.0
0.0
0.0
59.75
328.04
543.99
691.99
603.58
773.09
593.02
582.6
388.51
143.54
0.0
0.0
0.0
0.0
0.0
0.0
0.0
0.0
0.0
0.0
0.0
0.0
0.0
0.0
64.46
269.11
480.07
643.95
710.66
668.1
460.88
514.23
266.36
43.95
0.0
0.0
0.0
0.0
0.0
0.0
0.0
0.0
0.0
0.0
0.0
0.0
0.0
0.0
73.87
336.06
541.34
677.03
744.36
748.41
688.45
570.55
387.84
152.88
0.0
0.0
0.0
0.0
0.0
0.0
0.0
0.0
0.0
0.0
0.0
0.0
0.0
0.0
21.43
107.13
215.9
442.42
774.69
779.55
718.84
562.49
410.46
170.75
0.0
0.0
0.0
0.0
0.0
0.0
0.0
0.0
0.0
0.0
0.0
0.0
0.0
0.0
0.0
1.6
51.02
106.23
114.47
158.84
142.92
70.37
23.47
8.1
0.0
0.0
0.0
0.0
0.0
0.0
0.0
0.0
0.0
0.0
0.0
0.0
0.0
0.0
0.0
1.93
12.18
91.39
123.93
118.51
131.63
119.12
19.63
11.6
0.0
0.0
0.0
0.0
0.0
0.0
0.0
0.0
0.0
0.0
0.0
0.0
0.0
0.0
112.2
373.47
100.6
193.46
481.39
534.7
573.67
192.42
64.24
0.0
0.0
0.0
0.0
0.0
0.0
0.0
0.0
0.0
0.0
0.0
0.0
0.0
0.0
0.0
117.1
69.88
189.97
344.34
144.77
247.12
399.59
316.28
276.54
53.21
0.0
0.0
0.0
0.0
0.0
0.0
0.0
0.0
0.0
0.0
0.0
0.0
0.0
0.0
0.0
14.6
52.28
16.99
68.63
422.08
97.15
62.34
1.14
0.0
0.0
0.0
0.0
0.0
0.0
0.0
0.0
0.0
0.0
0.0
0.0
0.0
0.0
0.0
8.6
27.88
70.61
98.74
106.94
117.09
111.45
101.4
22.83
0.0
0.0
0.0
0.0
0.0
0.0
0.0
0.0
0.0
0.0
0.0
0.0
0.0
0.0
0.0
24.89
59.15
236.76
466.33
243.77
498.41
493.85
131.74
104.63
38.67
0.0
0.0
0.0
0.0
0.0
0.0
0.0
0.0
0.0
0.0
0.0
0.0
0.0
0.0
11.7
69.99
145.35
243.78
232.92
166.62
109.86
61.57
21.31
19.41
0.0
0.0
0.0
0.0
0.0
0.0
0.0
0.0
0.0
0.0
0.0
0.0
0.0
0.0
21.32
71.07
123.88
145.93
188.53
311.91
696.45
591.9
251.05
54.1
0.0
0.0
0.0
0.0
0.0
0.0
0.0
0.0
0.0
0.0
0.0
0.0
0.0
0.0
33.08
34.66
93.16
219.58
385.02
768.19
704.97
383.28
165.16
25.49
0.0
0.0
0.0
0.0
0.0
0.0
0.0
0.0
0.0
0.0
0.0
0.0
0.0
0.0
19.27
71.78
88.65
104.44
111.29
114.45
112.29
91.68
78.52
75.67
0.0
0.0
0.0
0.0
0.0
0.0
0.0
0.0
0.0
0.0
0.0
0.0
0.0
0.0
164.98
145.95
100.03
133.03
162.68
129.58
121.19
174.66
117.75
75.96
14.25
0.0
0.0
0.0
0.0
0.0
0.0
0.0
0.0
0.0
0.0
0.0
0.0
0.0
181.51
123.77
204.84
216.75
174.21
317.07
327.57
282.25
93.5
98.37
2.54
0.0
0.0
0.0
0.0
0.0
0.0
0.0
0.0
0.0
0.0
0.0
0.0
0.0
1.66
77.81
215.04
451.47
730.81
746.1
698.67
560.03
293.96
111.5
12.6
0.0
0.0
0.0
0.0
0.0
0.0
0.0
0.0
0.0
0.0
0.0
0.0
0.87
185.58
411.17
594.95
720.24
782.19
783.99
724.0
398.1
427.15
212.15
19.4
0.0
0.0
0.0
0.0
0.0
0.0
0.0
0.0
0.0
0.0
0.0
0.0
2.07
195.97
424.74
607.81
731.15
783.86
801.09
742.04
624.11
446.76
225.43
22.82
0.0
0.0
0.0
0.0
0.0
0.0
0.0
0.0
0.0
0.0
0.0
0.0
3.39
26.27
150.14
168.31
156.65
162.28
162.75
152.54
117.25
73.51
40.76
8.01
0.0
0.0
0.0
0.0
0.0
0.0
0.0
0.0
0.0
0.0
0.0
0.0
12.17
61.54
117.45
342.37
532.41
722.74
797.38
736.69
602.58
425.28
198.7
39.54
0.0
0.0
0.0
0.0
0.0
0.0
0.0
0.0
0.0
0.0
0.0
0.0
24.74
71.68
158.17
204.64
473.53
828.64
832.74
771.99
647.76
466.97
241.48
31.87
0.0
0.0
0.0
0.0
0.0
0.0
0.0
0.0
0.0
0.0
0.0
0.0
18.31
224.74
459.05
647.83
775.94
837.71
835.68
770.04
651.87
450.41
247.78
33.01
0.0
0.0
0.0
0.0
0.0
0.0
0.0
0.0
0.0
0.0
0.0
0.0
21.5
76.78
459.64
648.4
490.58
591.93
238.14
339.44
119.25
176.52
68.9
35.26
0.0
0.0
0.0
0.0
0.0
0.0
0.0
0.0
0.0
0.0
0.0
0.0
4.83
51.58
387.82
623.49
756.91
833.57
833.75
770.97
651.68
472.23
248.99
37.66
0.0
0.0
0.0
0.0
0.0
0.0
0.0
0.0
0.0
0.0
0.0
0.0
29.2
247.72
479.94
665.36
789.49
850.03
845.57
779.25
662.1
483.78
260.43
42.6
0.0
0.0
0.0
0.0
0.0
0.0
0.0
0.0
0.0
0.0
0.0
0.0
33.06
203.97
191.15
401.14
241.72
159.06
141.27
167.38
138.85
147.57
27.49
1.96
0.0
0.0
0.0
0.0
0.0
0.0
0.0
0.0
0.0
0.0
0.0
0.0
0.0
25.51
63.9
123.45
175.26
234.63
146.03
117.55
661.88
493.81
265.34
51.75
0.0
0.0
0.0
0.0
0.0
0.0
0.0
0.0
0.0
0.0
0.0
0.0
39.08
230.06
468.48
548.21
787.45
861.53
861.17
796.07
659.97
266.94
138.9
14.18
0.0
0.0
0.0
0.0
0.0
0.0
0.0
0.0
0.0
0.0
0.0
0.0
6.06
4.52
70.85
68.28
145.4
162.66
216.55
162.97
249.57
367.03
121.5
52.37
0.0
0.0
0.0
0.0
0.0
0.0
0.0
0.0
0.0
0.0
0.0
0.0
29.6
126.24
481.89
253.86
325.38
188.74
206.92
205.59
91.7
3.98
23.79
53.11
0.0
0.0
0.0
0.0
0.0
0.0
0.0
0.0
0.0
0.0
0.0
0.0
38.4
89.09
207.8
152.92
429.14
381.24
365.88
226.0
242.97
228.14
156.46
8.57
0.0
0.0
0.0
0.0
0.0
0.0
0.0
0.0
0.0
0.0
0.0
0.0
10.2
75.31
213.58
251.54
232.1
209.85
236.04
236.84
223.3
241.61
124.81
7.47
0.0
0.0
0.0
0.0
0.0
0.0
0.0
0.0
0.0
0.0
0.0
0.0
60.26
279.26
238.85
224.11
810.98
890.08
891.36
827.6
701.98
516.57
285.47
63.22
0.0
0.0
0.0
0.0
0.0
0.0
0.0
0.0
0.0
0.0
0.0
0.0
68.92
305.54
528.33
698.45
805.31
858.72
860.74
802.21
679.87
487.2
153.42
23.7
0.0
0.0
0.0
0.0
0.0
0.0
0.0
0.0
0.0
0.0
0.0
0.0
1.99
60.68
225.82
400.1
717.99
641.92
633.94
404.42
473.55
192.76
80.5
42.79
0.0
0.0
0.0
0.0
0.0
0.0
0.0
0.0
0.0
0.0
0.0
0.0
36.06
16.19
84.01
69.3
114.24
50.92
125.34
119.13
102.92
37.3
41.57
9.98
0.0
0.0
0.0
0.0
0.0
0.0
0.0
0.0
0.0
0.0
0.0
0.0
29.93
33.71
96.47
169.38
79.97
108.05
442.36
173.67
95.92
195.38
245.5
0.0
0.0
0.0
0.0
0.0
0.0
0.0
0.0
0.0
0.0
0.0
0.0
0.0
74.47
125.42
324.61
388.59
380.48
359.56
243.08
149.09
116.96
19.39
40.97
8.02
0.0
0.0
0.0
0.0
0.0
0.0
0.0
0.0
0.0
0.0
0.0
0.0
67.48
80.88
94.77
131.84
114.72
715.59
337.8
383.13
274.48
137.63
102.68
34.78
0.0
0.0
0.0
0.0
0.0
0.0
0.0
0.0
0.0
0.0
0.0
0.92
64.43
215.57
501.33
116.62
105.66
559.06
504.96
446.38
163.91
419.7
83.8
51.34
0.93
0.0
0.0
0.0
0.0
0.0
0.0
0.0
0.0
0.0
0.0
1.84
86.03
302.33
135.93
373.47
526.78
588.16
870.11
746.54
354.1
434.19
155.75
70.42
1.62
0.0
0.0
0.0
0.0
0.0
0.0
0.0
0.0
0.0
0.0
2.84
90.07
322.46
210.34
443.11
549.11
717.82
595.59
301.58
198.25
194.04
156.53
13.26
1.77
0.0
0.0
0.0
0.0
0.0
0.0
0.0
0.0
0.0
0.0
3.74
91.43
322.09
527.19
659.47
816.0
821.0
857.37
792.06
663.97
252.58
83.57
70.49
3.11
0.0
0.0
0.0
0.0
0.0
0.0
0.0
0.0
0.0
0.0
4.88
95.97
328.27
543.34
707.83
814.98
866.18
860.88
797.88
688.58
515.48
295.32
73.84
3.94
0.0
0.0
0.0
0.0
0.0
0.0
0.0
0.0
0.0
0.0
5.93
99.3
334.28
552.34
492.49
674.68
115.98
354.94
187.4
40.33
99.16
49.87
0.0
0.0
0.0
0.0
0.0
0.0
0.0
0.0
0.0
0.0
0.0
0.0
6.51
32.87
89.05
125.22
331.31
575.84
316.69
306.4
220.84
222.29
225.1
156.21
37.14
0.0
0.0
0.0
0.0
0.0
0.0
0.0
0.0
0.0
0.0
0.0
3.09
77.15
160.65
242.64
285.46
374.27
689.34
701.18
736.44
597.81
109.06
92.49
73.18
5.95
0.0
0.0
0.0
0.0
0.0
0.0
0.0
0.0
0.0
0.0
0.0
43.01
93.75
312.86
306.33
320.17
733.7
478.55
309.59
288.67
180.68
105.71
21.36
4.28
0.0
0.0
0.0
0.0
0.0
0.0
0.0
0.0
0.0
0.0
11.61
0.37
68.75
214.14
145.49
64.44
145.87
57.78
14.55
29.56
76.77
104.22
0.17
8.72
0.0
0.0
0.0
0.0
0.0
0.0
0.0
0.0
0.0
0.0
6.59
48.71
142.52
137.41
487.01
402.98
327.25
667.24
661.2
339.62
397.29
274.28
79.31
8.69
0.0
0.0
0.0
0.0
0.0
0.0
0.0
0.0
0.0
0.0
12.78
59.26
162.16
245.96
203.3
221.22
194.91
289.99
130.73
136.65
277.55
212.7
79.65
9.39
0.0
0.0
0.0
0.0
0.0
0.0
0.0
0.0
0.0
0.0
12.71
117.79
234.22
573.36
752.28
865.22
921.23
912.49
796.45
708.22
532.13
305.93
80.66
10.18
0.0
0.0
0.0
0.0
0.0
0.0
0.0
0.0
0.0
0.0
13.61
119.69
355.66
570.47
736.3
844.38
895.95
888.85
822.35
702.45
525.67
303.96
80.95
10.93
0.0
0.0
0.0
0.0
0.0
0.0
0.0
0.0
0.0
0.0
14.36
66.53
297.54
186.93
726.79
183.69
169.46
242.83
187.41
122.2
176.11
212.39
60.04
11.74
0.0
0.0
0.0
0.0
0.0
0.0
0.0
0.0
0.0
0.0
15.66
127.08
366.22
578.98
743.76
851.35
906.9
901.64
836.44
713.08
535.28
311.53
83.6
12.58
0.0
0.0
0.0
0.0
0.0
0.0
0.0
0.0
0.0
0.0
16.61
32.96
334.98
581.0
742.07
222.75
844.17
798.66
16.68
173.01
532.45
272.75
84.83
13.37
0.0
0.0
0.0
0.0
0.0
0.0
0.0
0.0
0.0
0.0
17.66
132.91
371.92
587.01
250.27
110.57
908.75
801.64
832.22
715.79
539.0
300.93
86.41
14.25
0.0
0.0
0.0
0.0
0.0
0.0
0.0
0.0
0.0
0.0
18.4
7.37
357.97
548.74
553.0
243.13
568.56
394.06
539.12
252.11
182.3
202.82
21.48
19.48
0.0
0.0
0.0
0.0
0.0
0.0
0.0
0.0
0.0
0.0
13.22
64.84
203.3
333.95
251.41
171.38
197.28
128.32
258.07
200.24
151.34
132.8
57.29
4.27
0.0
0.0
0.0
0.0
0.0
0.0
0.0
0.0
0.0
0.0
21.11
93.02
136.41
199.04
476.34
257.85
572.41
249.86
266.61
284.71
354.73
283.7
93.78
15.98
0.0
0.0
0.0
0.0
0.0
0.0
0.0
0.0
0.0
0.0
28.56
101.19
171.99
392.82
669.33
105.96
254.97
698.41
592.81
405.1
284.73
190.73
93.11
15.45
0.0
0.0
0.0
0.0
0.0
0.0
0.0
0.0
0.0
0.0
21.12
141.39
378.71
564.16
643.03
391.15
168.85
182.08
245.13
123.19
106.71
97.62
35.82
0.0
0.0
0.0
0.0
0.0
0.0
0.0
0.0
0.0
0.0
0.0
24.74
113.62
285.17
506.5
444.63
112.5
384.61
208.78
541.14
703.95
533.0
313.59
89.21
17.9
0.0
0.0
0.0
0.0
0.0
0.0
0.0
0.0
0.0
0.52
21.51
145.96
382.22
499.34
630.37
836.27
877.25
868.95
806.3
691.48
521.24
255.6
93.54
25.41
0.0
0.0
0.0
0.0
0.0
0.0
0.0
0.0
0.0
0.0
31.86
110.01
287.38
449.08
457.04
598.71
465.43
468.21
362.15
490.07
280.19
161.48
43.2
5.91
0.0
0.0
0.0
0.0
0.0
0.0
0.0
0.0
0.0
0.0
30.44
56.35
169.35
267.14
472.51
387.36
867.58
882.43
820.0
660.93
458.39
261.7
89.47
18.31
0.0
0.0
0.0
0.0
0.0
0.0
0.0
0.0
0.0
2.34
22.66
147.33
379.03
579.58
730.1
826.2
868.87
860.83
798.46
680.62
511.15
301.48
95.5
18.42
0.0
0.0
0.0
0.0
0.0
0.0
0.0
0.0
0.0
2.97
23.15
148.4
379.41
577.68
727.08
821.95
755.26
800.81
622.06
564.24
330.1
286.99
98.45
18.56
0.0
0.0
0.0
0.0
0.0
0.0
0.0
0.0
0.0
4.14
31.73
147.25
374.67
563.67
709.63
808.21
850.14
840.38
777.23
664.31
502.69
294.17
97.34
21.85
0.21
0.0
0.0
0.0
0.0
0.0
0.0
0.0
0.0
3.88
22.9
139.61
367.95
563.11
711.29
806.28
849.72
838.39
773.44
661.02
498.92
295.88
86.02
18.93
0.64
0.0
0.0
0.0
0.0
0.0
0.0
0.0
0.0
4.55
23.27
144.85
366.89
560.92
706.24
798.61
843.68
832.33
768.42
657.24
497.95
296.86
87.11
19.49
1.15
0.0
0.0
0.0
0.0
0.0
0.0
0.0
0.0
5.29
23.94
147.37
369.91
560.49
704.28
796.03
838.77
828.26
765.74
661.36
501.86
300.08
88.39
20.05
1.68
0.0
0.0
0.0
0.0
0.0
0.0
0.0
0.0
5.88
24.28
143.34
282.63
550.31
689.57
777.85
814.91
796.99
747.17
638.27
484.31
289.89
98.14
19.85
2.02
0.0
0.0
0.0
0.0
0.0
0.0
0.0
0.0
6.24
24.37
146.48
365.68
557.85
703.67
797.95
840.05
830.61
767.7
652.9
492.58
293.13
87.81
20.42
2.55
0.0
0.0
0.0
0.0
0.0
0.0
0.0
0.0
6.85
25.01
148.84
368.1
557.32
696.96
783.87
819.64
804.34
740.76
638.95
488.8
289.53
89.38
21.09
3.14
0.0
0.0
0.0
0.0
0.0
0.0
0.0
0.0
7.6
25.9
139.83
375.54
572.52
719.9
704.67
831.13
827.03
648.34
555.08
464.23
240.99
106.73
22.37
3.89
0.0
0.0
0.0
0.0
0.0
0.0
0.0
0.0
5.6
40.64
112.49
115.66
239.97
308.13
805.88
769.16
881.46
815.3
701.18
532.5
285.01
104.57
23.42
2.94
0.0
0.0
0.0
0.0
0.0
0.0
0.0
0.0
9.04
36.59
157.42
284.41
540.15
737.98
837.65
882.8
872.29
807.28
692.71
526.67
317.1
97.18
23.55
5.07
0.0
0.0
0.0
0.0
0.0
0.0
0.0
0.0
9.6
27.73
159.68
388.5
587.63
739.47
838.41
711.49
878.32
815.75
703.76
536.24
323.64
99.67
24.41
5.79
0.0
0.0
0.0
0.0
0.0
0.0
0.0
0.0
10.83
41.8
120.43
209.99
394.36
483.6
275.73
375.17
232.76
228.59
162.32
182.34
156.98
114.34
43.06
7.09
0.0
0.0
0.0
0.0
0.0
0.0
0.0
0.0
10.31
27.93
158.56
383.97
558.26
620.8
503.73
625.46
444.52
184.35
259.18
91.51
84.4
110.94
11.3
6.2
0.0
0.0
0.0
0.0
0.0
0.0
0.0
0.0
2.03
38.84
129.83
229.11
433.64
659.91
500.44
581.77
182.12
253.3
567.59
241.3
170.18
110.18
37.87
7.72
0.0
0.0
0.0
0.0
0.0
0.0
0.0
0.0
0.0
41.77
17.53
266.42
91.04
142.54
107.65
155.03
153.57
111.18
127.51
116.76
115.85
71.52
24.72
7.31
0.0
0.0
0.0
0.0
0.0
0.0
0.0
0.0
0.0
25.88
125.31
128.43
212.95
383.78
233.48
202.96
168.43
105.07
90.44
122.55
56.38
82.66
34.05
5.4
0.0
0.0
0.0
0.0
0.0
0.0
0.0
0.0
8.09
26.12
26.79
84.75
423.72
197.54
532.78
556.9
359.67
336.31
175.72
213.22
150.22
50.93
5.02
3.4
0.0
0.0
0.0
0.0
0.0
0.0
0.0
0.0
15.79
46.2
41.91
68.0
135.35
254.02
292.77
272.1
204.17
260.64
302.78
180.18
156.86
100.91
36.42
6.85
0.0
0.0
0.0
0.0
0.0
0.0
0.0
0.0
5.85
28.3
122.47
171.42
225.26
168.09
151.06
248.2
165.79
116.58
145.91
92.24
132.89
71.72
44.9
10.18
0.0
0.0
0.0
0.0
0.0
0.0
0.0
0.0
12.1
54.1
134.07
159.35
148.95
146.46
286.53
129.69
210.22
241.63
191.44
129.62
81.73
2.75
17.08
6.14
0.0
0.0
0.0
0.0
0.0
0.0
0.0
0.0
13.5
29.7
159.43
378.29
565.82
707.45
798.13
836.62
825.47
764.6
656.85
504.04
308.83
120.62
31.51
11.99
0.0
0.0
0.0
0.0
0.0
0.0
0.0
0.0
13.84
29.58
146.51
269.2
246.77
650.08
572.9
808.13
800.71
614.0
435.65
406.96
299.93
99.57
25.57
9.73
0.0
0.0
0.0
0.0
0.0
0.0
0.0
0.0
13.56
45.66
119.94
219.76
358.03
386.6
261.15
383.52
306.58
194.37
252.15
145.58
188.97
95.24
31.67
8.27
0.0
0.0
0.0
0.0
0.0
0.0
0.0
0.0
13.69
29.28
153.61
363.66
549.87
466.32
648.9
396.29
774.34
754.76
468.16
185.23
248.97
117.79
9.38
7.08
0.0
0.0
0.0
0.0
0.0
0.0
0.0
0.0
11.0
45.95
109.16
80.88
169.06
162.91
128.35
187.52
625.85
742.45
637.17
484.88
296.23
99.14
25.44
10.31
0.0
0.0
0.0
0.0
0.0
0.0
0.0
0.0
19.84
53.22
147.86
353.06
531.01
573.1
723.08
803.67
795.14
736.33
630.52
480.22
217.06
108.08
3.02
2.78
0.0
0.0
0.0
0.0
0.0
0.0
0.0
0.0
13.69
28.63
148.33
352.18
531.05
667.36
756.54
790.34
781.98
724.86
622.67
476.6
293.42
99.48
25.59
10.85
0.0
0.0
0.0
0.0
0.0
0.0
0.0
0.0
5.57
28.58
141.64
232.92
510.15
368.12
539.47
758.27
436.43
637.66
627.87
481.46
296.68
101.01
25.95
11.18
0.0
0.0
0.0
0.0
0.0
0.0
0.0
0.0
14.28
28.94
148.03
349.65
526.3
658.19
743.33
784.91
778.78
725.02
625.91
481.04
298.72
102.51
26.43
11.64
0.0
0.0
0.0
0.0
0.0
0.0
0.0
0.0
14.98
29.88
150.98
352.87
524.99
652.48
735.37
774.37
769.48
718.14
622.87
482.38
301.3
103.89
26.75
12.02
0.0
0.0
0.0
0.0
0.0
0.0
0.0
0.0
14.88
29.62
149.37
351.28
525.18
654.91
737.81
776.25
769.6
716.93
623.72
483.79
302.53
105.03
26.99
12.26
0.0
0.0
0.0
0.0
0.0
0.0
0.0
0.0
14.92
29.53
149.12
353.87
533.9
670.83
760.74
800.41
790.69
732.82
629.97
486.04
303.5
105.91
27.2
12.52
0.0
0.0
0.0
0.0
0.0
0.0
0.0
0.0
15.14
30.02
150.34
354.97
412.58
363.81
609.81
500.37
804.4
751.31
655.33
507.47
317.67
112.28
28.86
19.68
0.0
0.0
0.0
0.0
0.0
0.0
0.0
0.0
7.75
30.73
153.86
366.71
553.23
692.87
781.45
749.15
417.6
634.5
655.98
505.97
316.39
111.38
28.49
13.53
0.0
0.0
0.0
0.0
0.0
0.0
0.0
0.0
25.4
64.66
155.27
319.0
542.98
695.95
793.24
841.82
838.5
782.88
683.91
497.33
331.73
115.84
29.6
14.27
0.0
0.0
0.0
0.0
0.0
0.0
0.0
0.0
16.17
31.33
155.59
370.35
560.73
701.72
611.3
830.87
820.99
762.41
665.36
517.88
327.01
115.94
29.58
14.4
0.0
0.0
0.0
0.0
0.0
0.0
0.0
0.09
16.85
31.88
156.28
369.79
554.07
374.42
708.29
823.51
815.03
758.08
657.99
512.07
323.45
115.93
29.46
14.43
0.0
0.0
0.0
0.0
0.0
0.0
0.0
0.13
16.61
31.68
155.23
368.88
551.91
608.06
786.15
827.8
821.7
727.47
663.93
515.68
325.47
116.81
29.59
14.62
0.0
0.0
0.0
0.0
0.0
0.0
0.0
0.15
16.42
31.43
153.83
368.07
557.73
703.88
802.09
845.41
839.64
782.16
507.94
201.14
119.68
106.98
29.05
16.84
0.0
0.0
0.0
0.0
0.0
0.0
0.0
0.0
1.41
42.5
126.46
209.05
296.88
455.71
321.94
373.45
206.31
157.15
105.12
162.74
137.74
68.25
41.69
3.73
0.0
0.0
0.0
0.0
0.0
0.0
0.0
0.0
16.44
46.98
86.07
110.53
194.43
290.4
138.17
232.71
98.87
315.25
409.22
212.29
62.28
20.96
39.56
9.14
0.0
0.0
0.0
0.0
0.0
0.0
0.0
0.0
3.16
43.72
142.81
234.61
364.3
408.14
497.93
225.38
175.65
77.77
164.84
109.97
114.48
115.12
51.6
14.44
0.0
0.0
0.0
0.0
0.0
0.0
0.0
0.2
16.21
30.85
151.31
280.26
425.6
572.07
669.97
628.18
467.98
526.03
659.73
483.37
323.51
135.76
29.49
14.89
0.0
0.0
0.0
0.0
0.0
0.0
0.0
0.0
15.94
30.65
121.81
125.34
285.92
225.08
174.96
212.16
220.24
191.08
188.54
147.21
130.75
90.51
44.32
16.41
0.0
0.0
0.0
0.0
0.0
0.0
0.0
0.0
25.14
31.46
151.19
320.39
527.16
659.64
795.72
657.44
724.97
803.0
630.31
391.01
180.62
80.39
0.58
15.59
0.0
0.0
0.0
0.0
0.0
0.0
0.0
0.0
0.69
57.85
146.98
260.63
181.07
171.24
138.08
137.4
112.25
101.21
55.13
63.26
27.72
20.11
14.69
4.87
0.0
0.0
0.0
0.0
0.0
0.0
0.0
0.14
15.1
57.05
148.19
243.64
400.7
564.67
675.34
528.05
786.52
753.55
666.12
517.17
327.95
121.8
29.83
15.28
0.0
0.0
0.0
0.0
0.0
0.0
0.0
0.0
22.46
51.56
91.9
175.95
197.63
123.36
146.3
139.46
144.95
164.25
307.23
429.57
317.57
123.45
28.9
14.7
0.0
0.0
0.0
0.0
0.0
0.0
0.0
0.0
20.67
33.83
60.84
19.8
72.71
213.39
170.5
136.83
204.13
131.12
104.26
88.51
71.29
79.23
55.22
14.16
0.0
0.0
0.0
0.0
0.0
0.0
0.0
0.0
21.0
57.69
78.46
111.56
168.19
261.42
298.87
604.75
771.48
559.9
633.42
259.26
54.87
28.75
36.57
14.74
0.0
0.0
0.0
0.0
0.0
0.0
0.0
0.0
4.49
45.2
113.28
155.0
149.41
136.3
160.38
304.07
159.67
162.33
176.82
103.81
107.95
25.0
28.77
0.0
0.0
0.0
0.0
0.0
0.0
0.0
0.0
0.0
3.54
38.52
126.92
338.74
261.66
357.37
502.31
804.39
624.11
788.3
585.31
513.98
283.67
137.0
29.98
15.39
0.0
0.0
0.0
0.0
0.0
0.0
0.0
0.0
0.0
30.02
146.86
257.47
177.56
413.3
229.92
196.74
194.28
191.64
219.02
179.79
117.96
122.99
20.06
15.31
0.0
0.0
0.0
0.0
0.0
0.0
0.0
0.0
15.6
30.53
141.95
354.24
208.94
279.31
670.69
831.6
764.17
370.77
476.01
425.68
227.98
130.95
40.16
13.32
0.0
0.0
0.0
0.0
0.0
0.0
0.0
0.0
17.2
0.5
46.5
131.39
156.83
169.19
198.57
281.91
678.34
256.61
93.69
471.09
311.65
139.69
29.78
20.54
0.0
0.0
0.0
0.0
0.0
0.0
0.0
0.0
16.11
59.86
72.04
168.1
83.89
452.39
654.18
666.97
591.46
783.65
615.01
458.13
334.36
126.59
29.81
15.13
0.0
0.0
0.0
0.0
0.0
0.0
0.0
0.0
17.86
30.15
44.78
9.46
119.06
174.36
120.93
234.9
365.51
394.62
508.02
442.43
225.08
129.5
38.62
0.0
0.0
0.0
0.0
0.0
0.0
0.0
0.0
0.0
13.74
29.82
137.36
351.06
369.05
698.73
665.96
388.02
652.03
572.46
583.88
461.43
344.37
142.32
30.47
15.36
0.0
0.0
0.0
0.0
0.0
0.0
0.0
0.0
9.66
56.96
67.5
283.51
142.56
316.57
118.54
702.86
824.08
770.75
287.35
302.2
290.6
141.45
56.01
14.9
0.0
0.0
0.0
0.0
0.0
0.0
0.0
0.0
14.23
48.74
135.76
292.03
301.33
554.62
608.2
837.01
836.23
783.19
680.68
471.8
279.9
140.97
59.84
10.11
0.0
0.0
0.0
0.0
0.0
0.0
0.0
0.0
0.0
58.67
91.95
90.47
209.4
129.78
150.23
113.85
112.22
88.41
193.57
190.34
114.79
54.13
48.08
0.9
0.0
0.0
0.0
0.0
0.0
0.0
0.0
0.0
13.65
29.23
133.63
346.33
541.97
694.25
797.94
681.1
605.59
800.12
697.13
542.0
303.03
141.71
30.3
14.96
0.0
0.0
0.0
0.0
0.0
0.0
0.0
0.0
13.79
29.43
144.07
349.35
498.52
495.75
416.25
379.41
212.4
203.9
302.44
295.86
210.03
84.01
48.49
0.0
0.0
0.0
0.0
0.0
0.0
0.0
0.0
0.0
13.05
28.59
130.55
339.2
457.75
390.55
517.34
290.05
241.02
239.65
97.24
135.84
90.46
61.2
29.1
0.0
0.0
0.0
0.0
0.0
0.0
0.0
0.0
0.0
0.78
41.68
115.07
279.54
251.72
438.49
373.43
403.8
768.02
550.9
663.63
325.86
314.98
138.01
48.24
17.4
0.0
0.0
0.0
0.0
0.0
0.0
0.0
0.0
15.84
47.14
41.83
98.55
159.26
129.26
208.85
134.94
255.86
170.59
218.24
52.78
76.04
62.55
0.32
0.93
0.0
0.0
0.0
0.0
0.0
0.0
0.0
0.0
11.84
27.24
120.82
230.15
338.33
384.74
372.38
560.82
448.94
542.54
415.03
196.78
120.06
124.31
24.85
13.81
0.0
0.0
0.0
0.0
0.0
0.0
0.0
0.0
14.92
50.47
61.33
111.37
103.59
146.02
167.81
501.17
391.66
358.76
216.86
230.15
298.45
129.3
28.82
13.28
0.0
0.0
0.0
0.0
0.0
0.0
0.0
0.0
12.76
43.41
136.79
341.36
501.11
537.02
390.27
448.04
423.47
679.01
256.9
388.64
286.11
129.64
45.3
16.23
0.0
0.0
0.0
0.0
0.0
0.0
0.0
0.0
1.39
35.6
81.76
153.99
151.02
312.72
294.8
540.98
323.94
731.36
523.96
518.72
299.63
126.01
27.81
12.34
0.0
0.0
0.0
0.0
0.0
0.0
0.0
0.0
6.61
26.68
118.75
177.28
244.53
349.34
319.52
315.74
280.77
425.98
317.17
120.96
148.36
124.51
54.67
16.05
0.0
0.0
0.0
0.0
0.0
0.0
0.0
0.0
0.0
0.02
18.74
140.33
95.67
169.72
215.51
279.05
182.56
251.45
304.0
268.3
283.62
124.11
27.67
12.1
0.0
0.0
0.0
0.0
0.0
0.0
0.0
0.0
10.08
23.17
101.22
149.62
494.47
475.79
298.62
431.78
461.47
400.32
556.68
531.7
338.81
127.72
46.67
0.0
0.0
0.0
0.0
0.0
0.0
0.0
0.0
0.0
9.42
46.2
114.95
164.72
224.7
309.42
213.05
220.3
159.66
270.9
163.76
200.27
139.54
120.09
47.31
13.96
0.0
0.0
0.0
0.0
0.0
0.0
0.0
0.0
4.57
37.62
121.45
270.29
301.84
564.63
731.54
599.59
518.45
733.32
475.94
489.36
317.17
119.98
25.75
10.23
0.0
0.0
0.0
0.0
0.0
0.0
0.0
0.0
8.33
24.66
114.82
312.08
487.24
618.7
703.7
746.53
743.84
697.25
615.0
485.15
312.05
118.72
25.39
9.88
0.0
0.0
0.0
0.0
0.0
0.0
0.0
0.0
6.94
9.74
101.38
153.24
450.83
634.39
729.65
265.09
771.74
544.22
447.85
338.89
307.74
116.99
45.57
11.7
0.0
0.0
0.0
0.0
0.0
0.0
0.0
0.0
5.05
23.62
48.58
116.08
199.81
239.61
686.55
713.33
589.04
689.09
322.69
320.59
251.47
117.82
15.25
0.0
0.0
0.0
0.0
0.0
0.0
0.0
0.0
0.0
0.0
0.0
78.22
172.35
267.43
549.45
690.07
735.31
733.03
590.79
381.45
38.7
144.47
2.72
24.24
8.49
0.0
0.0
0.0
0.0
0.0
0.0
0.0
0.0
5.58
23.25
88.58
308.1
460.02
619.63
679.79
749.67
747.57
653.22
567.46
474.45
306.43
115.8
24.12
8.2
0.0
0.0
0.0
0.0
0.0
0.0
0.0
0.0
6.82
18.81
43.46
128.96
307.87
371.52
186.09
238.4
654.05
287.29
390.84
385.42
157.21
45.11
44.14
7.81
0.0
0.0
0.0
0.0
0.0
0.0
0.0
0.0
4.51
35.81
115.43
174.28
478.41
321.03
765.65
767.21
823.77
770.81
669.48
519.45
328.62
126.74
24.64
7.78
0.0
0.0
0.0
0.0
0.0
0.0
0.0
0.0
3.74
40.47
98.38
133.44
440.94
375.07
665.73
619.24
259.21
306.57
112.36
112.52
135.16
60.94
26.34
5.6
0.0
0.0
0.0
0.0
0.0
0.0
0.0
0.0
4.95
22.65
78.01
322.35
513.2
438.36
431.5
742.83
690.91
488.22
277.61
289.86
286.92
123.11
41.77
6.67
0.0
0.0
0.0
0.0
0.0
0.0
0.0
0.0
4.28
26.52
75.29
158.2
316.19
282.18
223.61
176.34
153.03
227.4
165.37
96.79
228.1
87.31
39.56
6.68
0.0
0.0
0.0
0.0
0.0
0.0
0.0
0.0
1.7
24.15
104.02
255.32
315.06
457.98
581.1
546.59
611.4
510.77
544.3
388.85
260.86
118.33
23.42
5.8
0.0
0.0
0.0
0.0
0.0
0.0
0.0
0.0
0.0
21.5
110.33
320.87
364.34
362.08
561.15
723.63
650.03
598.81
548.69
517.21
324.95
116.66
22.88
5.18
0.0
0.0
0.0
0.0
0.0
0.0
0.0
0.0
2.9
21.24
109.97
177.01
514.97
669.27
592.88
828.25
418.07
245.06
276.19
184.58
285.97
116.4
24.2
2.56
0.0
0.0
0.0
0.0
0.0
0.0
0.0
0.0
0.0
20.89
21.39
164.39
464.47
501.82
547.85
826.03
826.54
773.64
670.19
516.74
322.9
114.81
22.17
4.12
0.0
0.0
0.0
0.0
0.0
0.0
0.0
0.0
1.9
21.88
47.89
218.4
460.09
145.15
40.01
18.95
99.22
60.39
162.75
123.19
84.85
47.89
13.95
1.08
0.0
0.0
0.0
0.0
0.0
0.0
0.0
0.0
1.22
19.12
106.28
5.06
255.75
321.13
268.21
273.29
319.59
271.35
381.25
244.49
155.12
108.04
20.67
2.74
0.0
0.0
0.0
0.0
0.0
0.0
0.0
0.0
0.82
18.97
104.21
133.39
297.53
651.64
752.87
804.51
805.41
753.58
461.91
204.37
312.1
92.8
20.4
2.25
0.0
0.0
0.0
0.0
0.0
0.0
0.0
0.0
0.0
14.87
82.78
278.37
229.82
314.82
572.72
242.37
685.32
685.04
690.15
529.04
264.0
112.18
20.68
1.84
0.0
0.0
0.0
0.0
0.0
0.0
0.0
0.0
0.0
26.78
83.04
235.72
499.97
319.8
147.34
175.45
144.97
173.84
394.0
414.62
166.17
49.14
15.1
0.0
0.0
0.0
0.0
0.0
0.0
0.0
0.0
0.0
0.0
0.0
103.16
314.67
300.04
313.89
782.57
517.98
350.44
226.54
274.55
256.31
212.7
42.76
8.27
0.56
0.0
0.0
0.0
0.0
0.0
0.0
0.0
0.0
0.0
22.85
104.09
323.68
463.45
697.61
621.4
867.59
354.07
453.74
696.49
352.44
290.18
108.84
19.22
0.19
0.0
0.0
0.0
0.0
0.0
0.0
0.0
0.0
0.0
19.05
62.77
153.98
189.26
253.36
276.79
705.19
716.97
798.32
687.13
526.06
322.08
106.58
18.59
0.0
0.0
0.0
0.0
0.0
0.0
0.0
0.0
0.0
0.0
17.23
106.85
326.3
530.17
686.75
789.26
840.09
835.56
777.78
668.64
500.84
294.28
103.62
26.63
0.0
0.0
0.0
0.0
0.0
0.0
0.0
0.0
0.0
0.0
19.25
96.17
186.35
137.75
152.31
128.33
175.3
155.82
185.31
138.66
70.99
146.61
69.14
15.61
0.0
0.0
0.0
0.0
0.0
0.0
0.0
0.0
0.0
0.0
20.08
61.1
180.39
84.78
242.28
118.68
214.76
144.45
207.08
208.73
209.46
188.46
71.6
16.17
0.0
0.0
0.0
0.0
0.0
0.0
0.0
0.0
0.0
0.0
20.39
70.73
185.27
300.6
395.47
578.47
833.84
832.03
612.83
417.95
266.93
305.05
96.59
15.54
0.0
0.0
0.0
0.0
0.0
0.0
0.0
0.0
0.0
0.0
15.27
81.92
231.26
508.85
415.34
386.76
812.61
806.21
711.34
639.42
486.67
294.1
92.06
14.48
0.0
0.0
0.0
0.0
0.0
0.0
0.0
0.0
0.0
0.0
12.17
96.87
157.57
485.85
626.14
715.66
773.2
770.67
719.22
627.13
481.13
292.28
92.08
14.15
0.0
0.0
0.0
0.0
0.0
0.0
0.0
0.0
0.0
0.0
13.59
100.63
314.06
506.23
653.51
435.35
795.56
792.79
738.51
639.92
488.94
294.85
90.15
13.42
0.0
0.0
0.0
0.0
0.0
0.0
0.0
0.0
0.0
0.0
12.68
98.15
310.66
505.22
660.59
765.12
810.68
806.29
747.69
278.0
294.07
235.46
6.47
12.31
0.0
0.0
0.0
0.0
0.0
0.0
0.0
0.0
0.0
0.0
14.16
95.82
302.3
491.82
470.07
554.11
654.32
752.53
695.48
604.35
464.35
280.27
84.08
11.68
0.0
0.0
0.0
0.0
0.0
0.0
0.0
0.0
0.0
0.0
7.94
37.36
62.5
65.53
89.59
72.02
175.91
120.36
204.79
195.38
181.36
84.41
52.76
11.01
0.0
0.0
0.0
0.0
0.0
0.0
0.0
0.0
0.0
0.0
11.28
92.75
299.49
381.0
333.44
452.79
661.22
321.89
152.13
564.93
194.43
163.68
0.42
13.11
0.0
0.0
0.0
0.0
0.0
0.0
0.0
0.0
0.0
0.0
9.94
92.68
300.07
381.06
194.46
261.9
261.13
352.27
231.27
236.73
67.73
120.97
0.34
0.0
0.0
0.0
0.0
0.0
0.0
0.0
0.0
0.0
0.0
0.0
9.16
40.16
148.47
402.93
305.48
221.89
422.13
496.55
477.47
624.32
378.76
191.95
62.6
2.35
0.0
0.0
0.0
0.0
0.0
0.0
0.0
0.0
0.0
0.0
8.27
2.75
173.59
472.82
557.58
722.76
676.1
556.31
230.26
537.63
382.63
255.22
69.12
7.18
0.0
0.0
0.0
0.0
0.0
0.0
0.0
0.0
0.0
0.0
7.42
84.24
277.64
277.04
566.96
683.46
721.23
718.93
654.56
561.01
409.32
245.65
53.64
7.35
0.0
0.0
0.0
0.0
0.0
0.0
0.0
0.0
0.0
0.0
6.89
84.4
281.48
464.69
395.06
183.21
511.14
183.62
143.04
134.82
107.31
37.13
47.54
6.25
0.0
0.0
0.0
0.0
0.0
0.0
0.0
0.0
0.0
0.0
6.82
89.89
299.77
497.19
651.43
753.19
804.68
798.61
738.0
628.38
467.4
267.17
49.34
0.0
0.0
0.0
0.0
0.0
0.0
0.0
0.0
0.0
0.0
0.0
0.0
0.03
85.59
57.31
9.85
14.26
40.78
128.32
226.72
248.78
200.38
51.89
46.47
0.0
0.0
0.0
0.0
0.0
0.0
0.0
0.0
0.0
0.0
0.0
5.97
51.6
293.17
386.92
309.02
770.63
826.94
671.53
570.08
402.92
477.57
268.38
65.13
3.8
0.0
0.0
0.0
0.0
0.0
0.0
0.0
0.0
0.0
0.0
1.9
84.62
120.83
373.61
640.0
744.89
673.46
789.07
726.7
474.99
452.91
251.77
59.47
2.69
0.0
0.0
0.0
0.0
0.0
0.0
0.0
0.0
0.0
0.0
4.0
67.76
289.76
371.98
435.92
741.53
540.33
522.6
396.57
529.84
59.02
116.58
22.96
0.0
0.0
0.0
0.0
0.0
0.0
0.0
0.0
0.0
0.0
0.0
1.32
44.61
215.32
228.55
582.2
382.31
663.42
574.12
732.91
234.66
307.82
249.38
34.02
1.42
0.0
0.0
0.0
0.0
0.0
0.0
0.0
0.0
0.0
0.0
3.03
1.61
156.84
117.35
152.9
82.48
257.3
201.39
146.87
262.78
96.04
60.98
7.65
0.0
0.0
0.0
0.0
0.0
0.0
0.0
0.0
0.0
0.0
0.0
2.35
81.05
121.55
5.4
238.9
580.38
359.47
398.27
468.79
467.41
235.45
108.76
2.92
0.0
0.0
0.0
0.0
0.0
0.0
0.0
0.0
0.0
0.0
0.0
0.1
32.62
37.81
223.93
351.89
303.11
313.31
233.37
251.04
132.83
87.24
124.55
12.46
0.0
0.0
0.0
0.0
0.0
0.0
0.0
0.0
0.0
0.0
0.0
1.27
83.22
293.16
492.65
645.89
744.09
783.61
769.75
702.95
589.07
428.62
231.78
47.27
0.0
0.0
0.0
0.0
0.0
0.0
0.0
0.0
0.0
0.0
0.0
0.52
77.85
280.77
476.02
632.14
736.22
365.59
539.3
702.5
181.75
104.91
218.36
42.05
0.0
0.0
0.0
0.0
0.0
0.0
0.0
0.0
0.0
0.0
0.0
0.0
9.0
8.15
86.01
121.86
133.49
218.38
141.39
162.74
134.18
60.1
64.93
8.62
0.0
0.0
0.0
0.0
0.0
0.0
0.0
0.0
0.0
0.0
0.0
0.0
72.23
266.64
386.34
516.77
702.42
757.89
750.33
688.36
574.21
411.87
213.89
37.15
0.0
0.0
0.0
0.0
0.0
0.0
0.0
0.0
0.0
0.0
0.0
0.0
75.09
279.1
473.15
628.58
731.7
771.79
761.07
695.02
575.33
410.12
210.29
35.86
0.0
0.0
0.0
0.0
0.0
0.0
0.0
0.0
0.0
0.0
0.0
0.0
70.62
269.62
462.96
607.64
717.18
760.04
319.21
561.02
168.8
116.06
79.0
11.65
0.0
0.0
0.0
0.0
0.0
0.0
0.0
0.0
0.0
0.0
0.0
0.0
68.75
114.51
199.27
644.84
752.41
800.63
790.51
721.84
595.25
421.61
213.18
33.32
0.0
0.0
0.0
0.0
0.0
0.0
0.0
0.0
0.0
0.0
0.0
0.0
42.44
147.73
69.84
432.07
189.21
238.3
738.08
670.74
342.85
202.68
192.48
27.38
0.0
0.0
0.0
0.0
0.0
0.0
0.0
0.0
0.0
0.0
0.0
0.0
62.84
253.95
441.72
587.27
681.19
725.46
712.82
647.55
536.12
376.75
184.84
24.72
0.0
0.0
0.0
0.0
0.0
0.0
0.0
0.0
0.0
0.0
0.0
0.0
63.67
258.91
454.17
602.02
697.11
740.52
728.66
663.28
547.32
384.26
187.74
23.45
0.0
0.0
0.0
0.0
0.0
0.0
0.0
0.0
0.0
0.0
0.0
0.0
62.32
257.96
447.45
593.19
686.18
728.45
716.92
652.47
539.6
378.05
182.38
18.25
0.0
0.0
0.0
0.0
0.0
0.0
0.0
0.0
0.0
0.0
0.0
0.0
60.82
258.13
454.06
606.69
706.53
742.14
742.95
675.29
512.61
332.01
47.4
12.67
0.0
0.0
0.0
0.0
0.0
0.0
0.0
0.0
0.0
0.0
0.0
0.0
59.01
257.39
391.38
138.67
521.74
767.62
361.84
600.72
571.31
395.84
186.11
15.69
0.0
0.0
0.0
0.0
0.0
0.0
0.0
0.0
0.0
0.0
0.0
0.0
58.88
260.03
457.92
609.49
706.31
627.18
253.72
317.15
220.74
158.37
177.59
13.45
0.0
0.0
0.0
0.0
0.0
0.0
0.0
0.0
0.0
0.0
0.0
0.0
25.15
102.63
132.46
248.43
277.59
291.37
157.36
217.45
202.07
133.64
48.65
0.59
0.0
0.0
0.0
0.0
0.0
0.0
0.0
0.0
0.0
0.0
0.0
0.0
55.58
121.12
254.95
583.25
620.5
481.99
569.4
637.94
500.91
217.66
69.91
5.81
0.0
0.0
0.0
0.0
0.0
0.0
0.0
0.0
0.0
0.0
0.0
0.0
3.24
47.15
67.05
108.93
52.46
106.48
154.92
120.3
152.44
299.05
102.61
6.65
0.0
0.0
0.0
0.0
0.0
0.0
0.0
0.0
0.0
0.0
0.0
0.0
27.33
113.05
432.0
607.36
705.79
749.71
710.05
547.88
439.19
82.33
85.1
6.29
0.0
0.0
0.0
0.0
0.0
0.0
0.0
0.0
0.0
0.0
0.0
0.0
44.22
19.16
462.35
131.67
729.9
780.74
226.03
358.35
564.43
213.2
162.14
4.13
0.0
0.0
0.0
0.0
0.0
0.0
0.0
0.0
0.0
0.0
0.0
0.0
42.05
249.39
431.07
608.75
710.12
425.65
511.6
663.29
470.01
270.75
45.86
0.0
0.0
0.0
0.0
0.0
0.0
0.0
0.0
0.0
0.0
0.0
0.0
0.0
7.41
95.31
459.61
619.64
721.94
764.67
748.62
672.7
539.59
357.95
146.05
0.34
0.0
0.0
0.0
0.0
0.0
0.0
0.0
0.0
0.0
0.0
0.0
0.0
22.08
239.9
453.75
608.97
317.91
579.97
725.18
652.86
526.21
349.3
140.32
0.0
0.0
0.0
0.0
0.0
0.0
0.0
0.0
0.0
0.0
0.0
0.0
0.0
34.59
246.01
452.16
609.2
707.63
749.69
735.65
660.93
300.87
68.03
47.88
0.0
0.0
0.0
0.0
0.0
0.0
0.0
0.0
0.0
0.0
0.0
0.0
0.0
15.29
38.77
151.45
450.31
340.77
289.62
326.23
167.43
228.14
121.6
94.21
0.0
0.0
0.0
0.0
0.0
0.0
0.0
0.0
0.0
0.0
0.0
0.0
0.0
0.27
0.0
1.95
240.9
213.86
244.54
584.07
186.01
541.98
193.3
66.84
0.0
0.0
0.0
0.0
0.0
0.0
0.0
0.0
0.0
0.0
0.0
0.0
0.0
0.0
19.68
78.31
501.9
284.32
223.26
757.63
80.76
84.29
0.92
123.24
0.0
0.0
0.0
0.0
0.0
0.0
0.0
0.0
0.0
0.0
0.0
0.0
0.0
46.35
224.96
288.54
558.94
661.72
705.07
452.19
162.18
93.3
29.93
10.53
0.0
0.0
0.0
0.0
0.0
0.0
0.0
0.0
0.0
0.0
0.0
0.0
0.0
0.0
13.6
45.35
57.27
83.6
94.73
100.17
117.13
96.67
69.88
0.88
0.0
0.0
0.0
0.0
0.0
0.0
0.0
0.0
0.0
0.0
0.0
0.0
0.0
13.45
215.88
436.52
605.75
714.74
762.17
741.99
658.19
520.58
324.79
103.55
0.0
0.0
0.0
0.0
0.0
0.0
0.0
0.0
0.0
0.0
0.0
0.0
0.0
13.38
226.23
445.89
615.33
723.37
761.14
741.87
658.82
517.35
321.03
98.06
0.0
0.0
0.0
0.0
0.0
0.0
0.0
0.0
0.0
0.0
0.0
0.0
0.0
1.84
161.0
446.97
619.82
730.02
776.89
756.26
670.29
525.65
323.82
95.44
0.0
0.0
0.0
0.0
0.0
0.0
0.0
0.0
0.0
0.0
0.0
0.0
0.0
0.96
220.87
441.38
615.96
727.58
785.48
764.33
676.26
525.97
320.64
90.08
0.0
0.0
0.0
0.0
0.0
0.0
0.0
0.0
0.0
0.0
0.0
0.0
0.0
0.0
130.27
282.0
114.9
418.46
762.74
741.29
654.07
505.06
303.06
74.06
0.0
0.0
0.0
0.0
0.0
0.0
0.0
0.0
0.0
0.0
0.0
0.0
0.0
0.0
159.73
312.23
269.91
555.37
241.45
128.72
261.9
374.06
188.57
47.85
0.0
0.0
0.0
0.0
0.0
0.0
0.0
0.0
0.0
0.0
0.0
0.0
0.0
0.0
69.84
112.63
77.32
129.77
234.61
74.47
219.97
56.93
0.03
11.53
0.0
0.0
0.0
0.0
0.0
0.0
0.0
0.0
0.0
0.0
0.0
0.0
0.0
0.0
7.38
43.02
151.64
46.58
100.63
93.43
63.59
64.58
11.76
3.64
0.0
0.0
0.0
0.0
0.0
0.0
0.0
0.0
0.0
0.0
0.0
0.0
0.0
0.0
16.13
44.16
52.13
79.16
92.74
56.07
103.82
96.81
70.17
10.09
0.0
0.0
0.0
0.0
0.0
0.0
0.0
0.0
0.0
0.0
0.0
0.0
0.0
0.0
17.58
50.93
82.3
84.53
107.4
41.18
62.31
68.43
32.98
4.97
0.0
0.0
0.0
0.0
0.0
0.0
0.0
0.0
0.0
0.0
0.0
0.0
0.0
0.0
14.32
58.07
177.11
278.38
308.32
248.09
444.12
168.73
191.01
0.0
0.0
0.0
0.0
0.0
0.0
0.0
0.0
0.0
0.0
0.0
0.0
0.0
0.0
0.0
0.26
14.24
86.51
191.54
121.54
155.49
74.96
60.35
49.2
25.25
0.0
0.0
0.0
0.0
0.0
0.0
0.0
0.0
0.0
0.0
0.0
0.0
0.0
0.0
0.0
19.08
31.39
53.62
49.96
69.55
409.02
303.01
146.54
18.51
0.0
0.0
0.0
0.0
0.0
0.0
0.0
0.0
0.0
0.0
0.0
0.0
0.0
0.0
91.17
194.49
276.44
340.19
366.97
324.59
350.82
245.43
131.38
12.93
0.0
0.0
0.0
0.0
0.0
0.0
0.0
0.0
0.0
0.0
0.0
0.0
0.0
0.0
75.96
166.27
238.25
308.38
362.7
317.4
323.22
0.92
114.8
0.0
0.0
0.0
0.0
0.0
0.0
0.0
0.0
0.0
0.0
0.0
0.0
0.0
0.0
0.0
26.62
24.81
47.04
108.14
74.56
82.68
308.94
284.55
70.9
0.0
0.0
0.0
0.0
0.0
0.0
0.0
0.0
0.0
0.0
0.0
0.0
0.0
0.0
0.0
30.81
16.57
79.07
135.26
130.06
143.12
65.95
109.21
30.59
0.0
0.0
0.0
0.0
0.0
0.0
0.0
0.0
0.0
0.0
0.0
0.0
0.0
0.0
0.0
15.71
0.04
52.18
35.0
24.54
37.76
49.73
0.62
14.46
0.0
0.0
0.0
0.0
0.0
0.0
0.0
0.0
0.0
0.0
0.0
0.0
0.0
0.0
0.0
46.79
41.35
242.04
36.91
178.07
106.81
77.18
27.72
17.37
0.0
0.0
0.0
0.0
0.0
0.0
0.0
0.0
0.0
0.0
0.0
0.0
0.0
0.0
0.0
3.23
5.54
89.0
39.56
44.76
3.42
229.85
56.22
29.3
0.0
0.0
0.0
0.0
0.0
0.0
0.0
0.0
0.0
0.0
0.0
0.0
0.0
0.0
0.0
3.03
20.64
64.88
93.57
99.38
140.76
54.09
36.64
49.89
0.0
0.0
0.0
0.0
0.0
0.0
0.0
0.0
0.0
0.0
0.0
0.0
0.0
0.0
0.0
91.0
340.46
521.3
632.87
68.64
76.93
301.22
53.96
27.3
0.0
0.0
0.0
0.0
0.0
0.0
0.0
0.0
0.0
0.0
0.0
0.0
0.0
0.0
0.0
85.51
336.56
247.55
295.85
210.75
202.22
78.29
31.66
21.66
0.0
0.0
0.0
0.0
0.0
0.0
0.0
0.0
0.0
0.0
0.0
0.0
0.0
0.0
0.0
7.19
29.52
11.77
38.37
57.93
10.0
43.38
94.51
25.56
0.0
0.0
0.0
0.0
0.0
0.0
0.0
0.0
0.0
0.0
0.0
0.0
0.0
0.0
0.0
60.34
302.38
481.61
592.86
633.52
609.84
517.75
84.65
8.88
0.0
0.0
0.0
0.0
0.0
0.0
0.0
0.0
0.0
0.0
0.0
0.0
0.0
0.0
0.0
58.33
312.44
501.05
620.2
58.37
641.04
543.58
376.81
143.14
0.0
0.0
0.0
0.0
0.0
0.0
0.0
0.0
0.0
0.0
0.0
0.0
0.0
0.0
0.0
13.82
248.14
491.88
608.38
651.24
625.88
529.66
361.17
18.7
0.0
0.0
0.0
0.0
0.0
0.0
0.0
0.0
0.0
0.0
0.0
0.0
0.0
0.0
0.0
37.03
286.28
465.35
258.24
356.9
164.19
75.82
163.59
47.43
0.0
0.0
0.0
0.0
0.0
0.0
0.0
0.0
0.0
0.0
0.0
0.0
0.0
0.0
0.0
0.0
262.33
80.86
42.19
49.11
148.47
57.5
122.31
0.0
0.0
0.0
0.0
0.0
0.0
0.0
0.0
0.0
0.0
0.0
0.0
0.0
0.0
0.0
0.0
0.0
88.12
481.28
602.91
645.17
351.3
519.9
351.29
106.65
0.0
0.0
0.0
0.0
0.0
0.0
0.0
0.0
0.0
0.0
0.0
0.0
0.0
0.0
0.0
0.0
282.52
65.29
476.27
502.44
618.46
238.35
29.07
8.18
0.0
0.0
0.0
0.0
0.0
0.0
0.0
0.0
0.0
0.0
0.0
0.0
0.0
0.0
0.0
0.0
119.08
7.2
150.62
86.38
81.73
79.63
155.37
132.42
0.0
0.0
0.0
0.0
0.0
0.0
0.0
0.0
0.0
0.0
0.0
0.0
0.0
0.0
0.0
0.0
25.97
63.48
78.88
98.55
89.39
82.71
48.55
29.4
0.0
0.0
0.0
0.0
0.0
0.0
0.0
0.0
0.0
0.0
0.0
0.0
0.0
0.0
0.0
0.0
0.0
62.07
43.76
1.8
1.51
0.6
2.48
0.0
0.0
0.0
0.0
0.0
0.0
0.0
0.0
0.0
0.0
0.0
0.0
0.0
0.0
0.0
0.0
0.0
77.92
35.21
69.73
60.84
37.01
27.91
33.26
0.0
0.0
0.0
0.0
0.0
0.0
0.0
0.0
0.0
0.0
0.0
0.0
0.0
0.0
0.0
0.0
0.0
283.15
17.15
76.86
574.17
620.92
427.99
285.03
2.67
0.0
0.0
0.0
0.0
0.0
0.0
0.0
0.0
0.0
0.0
0.0
0.0
0.0
0.0
0.0
0.0
255.95
470.24
411.11
485.03
535.8
341.08
326.14
55.26
0.0
0.0
0.0
0.0
0.0
0.0
0.0
0.0
0.0
0.0
0.0
0.0
0.0
0.0
0.0
0.0
7.58
58.3
41.51
101.79
61.65
59.46
35.39
0.0
0.0
0.0
0.0
0.0
0.0
0.0
0.0
0.0
0.0
0.0
0.0
0.0
0.0
0.0
0.0
0.0
231.83
446.62
575.0
619.14
591.17
111.47
302.01
2.07
0.0
0.0
0.0
0.0
0.0
0.0
0.0
0.0
0.0
0.0
0.0
0.0
0.0
0.0
0.0
0.0
213.45
431.44
556.84
601.93
572.52
469.3
293.18
1.35
0.0
0.0
0.0
0.0
0.0
0.0
0.0
0.0
0.0
0.0
0.0
0.0
0.0
0.0
0.0
0.0
79.06
75.8
160.8
529.17
587.35
362.96
72.33
0.51
0.0
0.0
0.0
0.0
0.0
0.0
0.0
0.0
0.0
0.0
0.0
0.0
0.0
0.0
0.0
0.0
38.46
184.0
314.61
298.35
566.29
366.91
272.42
0.03
0.0
0.0
0.0
0.0
0.0
0.0
0.0
0.0
0.0
0.0
0.0
0.0
0.0
0.0
0.0
0.0
0.0
0.0
36.76
2.47
3.71
0.05
14.69
0.0
0.0
0.0
0.0
0.0
0.0
0.0
0.0
0.0
0.0
0.0
0.0
0.0
0.0
0.0
0.0
0.0
0.14
83.49
18.99
127.89
525.48
423.41
256.09
0.0
0.0
0.0
0.0
0.0
0.0
0.0
0.0
0.0
0.0
0.0
0.0
0.0
0.0
0.0
0.0
0.0
5.88
70.17
58.75
31.66
105.6
0.0
42.53
0.0
0.0
0.0
0.0
0.0
0.0
0.0
0.0
0.0
0.0
0.0
0.0
0.0
0.0
0.0
0.0
0.0
8.82
0.0
24.77
0.0
137.86
38.44
6.29
0.0
0.0
0.0
0.0
0.0
0.0
0.0
0.0
0.0
0.0
0.0
0.0
0.0
0.0
0.0
0.0
0.0
1.69
41.07
20.23
0.62
8.16
29.94
144.12
0.0
0.0
0.0
0.0
0.0
0.0
0.0
0.0
0.0
0.0
0.0
0.0
0.0
0.0
0.0
0.0
0.0
22.15
3.04
17.54
35.52
47.85
16.58
4.47
0.0
0.0
0.0
0.0
0.0
0.0
0.0
0.0
0.0
0.0
0.0
0.0
0.0
0.0
0.0
0.0
0.0
0.93
179.23
56.71
32.16
31.79
23.47
9.48
0.0
0.0
0.0
0.0
0.0
0.0
0.0
0.0
0.0
0.0
0.0
0.0
0.0
0.0
0.0
0.0
0.0
75.7
58.37
24.39
21.3
15.75
28.07
8.62
0.0
0.0
0.0
0.0
0.0
0.0
0.0
0.0
0.0
0.0
0.0
0.0
0.0
0.0
0.0
0.0
0.0
168.79
160.9
191.77
513.18
395.25
312.4
58.28
0.0
0.0
0.0
0.0
0.0
0.0
0.0
0.0
0.0
0.0
0.0
0.0
0.0
0.0
0.0
0.0
0.0
72.67
21.02
452.21
344.99
185.64
18.73
189.03
0.0
0.0
0.0
0.0
0.0
0.0
0.0
0.0
0.0
0.0
0.0
0.0
0.0
0.0
0.0
0.0
0.0
69.12
319.41
461.09
63.61
326.52
62.24
29.63
0.0
0.0
0.0
0.0
0.0
0.0
0.0
0.0
0.0
0.0
0.0
0.0
0.0
0.0
0.0
0.0
0.0
52.14
297.35
439.1
498.55
474.15
368.32
22.96
0.0
0.0
0.0
0.0
0.0
0.0
0.0
0.0
0.0
0.0
0.0
0.0
0.0
0.0
0.0
0.0
0.0
0.0
44.57
3.15
33.81
47.04
99.01
200.38
0.0
0.0
0.0
0.0
0.0
0.0
0.0
0.0
0.0
0.0
0.0
0.0
0.0
0.0
0.0
0.0
0.0
2.25
327.86
478.22
535.62
511.62
402.03
188.69
0.0
0.0
0.0
0.0
0.0
0.0
0.0
0.0
0.0
0.0
0.0
0.0
0.0
0.0
0.0
0.0
0.0
1.56
313.31
459.97
510.44
486.38
94.3
172.49
0.0
0.0
0.0
0.0
0.0
0.0
0.0
0.0
0.0
0.0
0.0
0.0
0.0
0.0
0.0
0.0
0.0
0.0
292.66
443.73
146.81
106.81
139.82
0.0
0.0
0.0
0.0
0.0
0.0
0.0
0.0
0.0
0.0
0.0
0.0
0.0
0.0
0.0
0.0
0.0
0.0
0.0
8.39
26.66
3.67
2.54
26.51
0.0
0.0
0.0
0.0
0.0
0.0
0.0
0.0
0.0
0.0
0.0
0.0
0.0
0.0
0.0
0.0
0.0
0.0
0.0
12.57
19.93
39.71
32.78
77.11
30.55
0.0
0.0
0.0
0.0
0.0
0.0
0.0
0.0
0.0
0.0
0.0
0.0
0.0
0.0
0.0
0.0
0.0
0.0
296.59
455.09
512.54
489.3
379.83
164.09
0.0
0.0
0.0
0.0
0.0
0.0
0.0
0.0
0.0
0.0
0.0
0.0
0.0
0.0
0.0
0.0
0.0
0.0
276.59
319.83
491.89
468.28
358.5
29.21
0.0
0.0
0.0
0.0
0.0
0.0
0.0
0.0
0.0
0.0
0.0
0.0
0.0
0.0
0.0
0.0
0.0
0.0
161.68
337.37
468.74
332.19
246.63
144.6
0.0
0.0
0.0
0.0
0.0
0.0
0.0
0.0
0.0
0.0
0.0
0.0
0.0
0.0
0.0
0.0
0.0
0.0
236.31
401.23
245.94
187.0
99.22
134.85
0.0
0.0
0.0
0.0
0.0
0.0
0.0
0.0
0.0
0.0
0.0
0.0
0.0
0.0
0.0
0.0
0.0
0.0
228.33
393.39
460.5
440.17
335.45
122.9
0.0
0.0
0.0
0.0
0.0
0.0
0.0
0.0
0.0
0.0
0.0
0.0
0.0
0.0
0.0
0.0
0.0
0.0
39.41
34.52
16.56
0.0
6.59
2.28
0.0
0.0
0.0
0.0
0.0
0.0
0.0
0.0
0.0
0.0
0.0
0.0
0.0
0.0
0.0
0.0
0.0
0.0
212.1
381.65
454.66
437.5
324.28
216.57
0.0
0.0
0.0
0.0
0.0
0.0
0.0
0.0
0.0
0.0
0.0
0.0
0.0
0.0
0.0
0.0
0.0
0.0
53.72
204.5
84.49
16.23
24.47
9.75
0.0
0.0
0.0
0.0
0.0
0.0
0.0
0.0
0.0
0.0
0.0
0.0
0.0
0.0
0.0
0.0
0.0
0.0
294.47
370.08
52.89
27.09
325.87
269.21
0.0
0.0
0.0
0.0
0.0
0.0
0.0
0.0
0.0
0.0
0.0
0.0
0.0
0.0
0.0
0.0
0.0
0.0
40.4
375.22
448.11
432.07
328.64
172.2
0.0
0.0
0.0
0.0
0.0
0.0
0.0
0.0
0.0
0.0
0.0
0.0
0.0
0.0
0.0
0.0
0.0
0.0
214.95
397.22
382.18
455.06
351.08
130.96
0.0
0.0
0.0
0.0
0.0
0.0
0.0
0.0
0.0
0.0
0.0
0.0
0.0
0.0
0.0
0.0
0.0
0.0
2.17
12.02
36.44
203.1
319.92
115.32
0.0
0.0
0.0
0.0
0.0
0.0
0.0
0.0
0.0
0.0
0.0
0.0
0.0
0.0
0.0
0.0
0.0
0.0
214.79
404.4
476.28
461.07
356.69
137.11
0.0
0.0
0.0
0.0
0.0
0.0
0.0
0.0
0.0
0.0
0.0
0.0
0.0
0.0
0.0
0.0
0.0
0.0
187.69
376.15
106.07
195.86
244.03
125.32
0.0
0.0
0.0
0.0
0.0
0.0
0.0
0.0
0.0
0.0
0.0
0.0
0.0
0.0
0.0
0.0
0.0
0.0
187.07
15.29
18.19
18.77
24.72
4.31
0.0
0.0
0.0
0.0
0.0
0.0
0.0
0.0
0.0
0.0
0.0
0.0
0.0
0.0
0.0
0.0
0.0
0.0
17.52
116.31
6.29
22.15
18.94
1.97
0.0
0.0
0.0
0.0
0.0
0.0
0.0
0.0
0.0
0.0
0.0
0.0
0.0
0.0
0.0
0.0
0.0
0.0
178.09
366.83
435.77
422.73
325.27
45.45
0.0
0.0
0.0
0.0
0.0
0.0
0.0
0.0
0.0
0.0
0.0
0.0
0.0
0.0
0.0
0.0
0.0
0.0
146.42
330.73
405.86
396.13
300.16
99.38
0.0
0.0
0.0
0.0
0.0
0.0
0.0
0.0
0.0
0.0
0.0
0.0
0.0
0.0
0.0
0.0
0.0
0.0
185.16
24.42
47.53
37.88
32.58
137.55
0.0
0.0
0.0
0.0
0.0
0.0
0.0
0.0
0.0
0.0
0.0
0.0
0.0
0.0
0.0
0.0
0.0
0.0
0.0
18.54
52.17
59.79
76.27
110.66
0.0
0.0
0.0
0.0
0.0
0.0
0.0
0.0
0.0
0.0
0.0
0.0
0.0
0.0
0.0
0.0
0.0
0.0
210.7
367.38
450.19
442.28
344.04
124.75
0.0
0.0
0.0
0.0
0.0
0.0
0.0
0.0
0.0
0.0
0.0
0.0
0.0
0.0
0.0
0.0
0.0
0.0
170.58
368.56
357.02
96.19
334.21
5.79
0.0
0.0
0.0
0.0
0.0
0.0
0.0
0.0
0.0
0.0
0.0
0.0
0.0
0.0
0.0
0.0
0.0
0.0
224.68
361.2
296.05
449.59
352.87
76.51
0.0
0.0
0.0
0.0
0.0
0.0
0.0
0.0
0.0
0.0
0.0
0.0
0.0
0.0
0.0
0.0
0.0
0.0
1.56
28.9
25.5
403.31
311.23
116.2
0.0
0.0
0.0
0.0
0.0
0.0
0.0
0.0
0.0
0.0
0.0
0.0
0.0
0.0
0.0
0.0
0.0
0.0
94.72
351.71
376.27
203.43
342.88
309.42
0.0
0.0
0.0
0.0
0.0
0.0
0.0
0.0
0.0
0.0
0.0
0.0
0.0
0.0
0.0
0.0
0.0
0.0
181.87
388.54
460.32
233.04
66.98
56.38
0.0
0.0
0.0
0.0
0.0
0.0
0.0
0.0
0.0
0.0
0.0
0.0
0.0
0.0
0.0
0.0
0.0
0.0
168.09
367.84
455.41
68.19
30.58
163.55
0.0
0.0
0.0
0.0
0.0
0.0
0.0
0.0
0.0
0.0
0.0
0.0
0.0
0.0
0.0
0.0
0.0
0.0
5.59
43.47
441.26
137.78
48.12
157.2
0.0
0.0
0.0
0.0
0.0
0.0
0.0
0.0
0.0
0.0
0.0
0.0
0.0
0.0
0.0
0.0
0.0
0.0
163.95
365.25
53.33
29.83
350.43
144.05
0.0
0.0
0.0
0.0
0.0
0.0
0.0
0.0
0.0
0.0
0.0
0.0
0.0
0.0
0.0
0.0
0.0
0.0
145.88
52.91
57.96
426.08
49.34
41.07
0.0
0.0
0.0
0.0
0.0
0.0
0.0
0.0
0.0
0.0
